-36853869646658576 -47562008929904848 1.1996688005407068e+30
-68241951650086320 -31439707143832248 3.0070798449504502e+30
80196269296732480 15299806367304848 1.8357433335192177e+29
40600048157624200 52135301022404752 1.0712325065384901e+30
-45858210648392304 -3489221863848185.5 3.5676891972626873e+30
-59255352444070984 65585241103906200 1.6983552189364935e+30
660999107265232.25 -22314732938463360 8.1309095368913344e+29
34329024728090552 66994263332931000 3.9241106443578761e+30
-29096923239149584 -59362432378705456 1.7129659117829965e+30
6865381578823529 25364992996945132 5.8366251181429132e+29
-47485308126783288 17782708599869574 1.5337459290407373e+30
-13096570648583172 3777704254158354.5 3.4430578144536913e+30
-22649665291293872 -10600872508205316 3.8856447071739868e+30
-91339210091393136 17938724132015154 2.5046834862979874e+30
87037676839354880 34145404772746608 1.5704122009153924e+30
-5067404492035680 -19562673258317444 3.8911729715964925e+30
-44789961806058976 -26100482556060680 1.568405589674424e+30
46250314793711712 -1.1962994751706011e+17 2.4509102560094616e+30
-26147790634321268 -17306908472973028 4.2756585060745721e+28
-8049550683455713 9442707600198054 3.1253986213332583e+30
-5891485043532070 -42748219153168840 1.9867553050925002e+30
31117940805666496 -1.0656138922541541e+17 3.6827659067904876e+30
5138305387081706 -51091298275301496 4.7181103120698328e+29
47586395986888408 -32442746763744644 3.8662305756561199e+30
66266976447005536 -96233246766198384 1.1118700196710842e+28
20256298760064564 -11151649223963874 4.4995345367739549e+29
-64414616662590464 -21095687450720840 3.3108428349249261e+30
18779762454161820 41485556973366504 3.4473178095209261e+30
-51460664689979376 -9868149373827554 3.837157595373346e+30
4074757070455763.5 8438429556736103 3.9284800021663716e+30
30137461207024596 23480813117138704 3.1121999284991979e+29
-33478290021966972 -11554690257926286 2.2174400397521106e+28
24408443577029000 -9608393912637548 2.6897005776900021e+30
88676314514873952 -84805465905988032 3.3478786905312661e+30
-98159429849541920 50262709645620560 3.6411620531890548e+30
-74069695165957856 -9814176233505298 1.4121412625632067e+30
63860941295031784 -1.1300551233254838e+17 7.0382535990871501e+29
11308510432744574 82312532330806000 1.1930787992987232e+30
40039383750950232 -3680960533949699 1.6117154248623208e+30
-7398353391468417 -27412704394520992 1.1684741870303212e+30
34307330266382284 -23457644573157120 3.1387770185222869e+30
26164459311745312 -15931390222832168 2.3913368114257795e+30
-59055078188809920 -21461983488362336 3.8197516535414676e+30
-23898790207696576 4097104522839125 6.4692791986944496e+29
14710344088466520 -29280338695082072 2.9700667937260169e+30
10165784557552678 55707684096803944 5.4167865479243863e+29
73549674232471584 -62985175370811808 2.5601527382680157e+30
858723692351948.88 -15421552090276938 3.1637789753127575e+30
28757524045439644 93824008502781808 3.0573078055781658e+30
-77418410451429312 -14561776908196210 3.9717193963935359e+30
-4526075391777221 25534415292789168 1.8780265693321031e+30
-12368495546889072 -24573893159606268 1.4823909866516452e+29
-54693709397979376 -11764249477729636 9.9751343793352507e+29
-32289525775409692 -87822048780196016 8.4044985429546445e+29
-60729484539774744 -75520644196650272 8.1073682850610623e+29
-25408322238240944 -21697371739764084 3.2845910722467305e+30
-41363332001016568 76543049693857328 3.1439854204706104e+30
28800519695862800 -1390577443620535 3.1151854922369455e+30
-5915790366851822 39203820665826840 3.3856009275909809e+30
-24202527801421952 -60309162429865976 2.4100468204109465e+30
-81444159324628752 -56550778463659544 1.2874975213214835e+30
10059498961528684 -22675502809608940 5.5881442857111543e+29
-35114173369989140 -60278500437873656 1.4741284133074044e+30
-15039054946780590 -7259680475136518 1.2557429486829945e+30
-70858014206776168 -14683618066741644 7.5900676932349089e+29
85116074242647072 45955146851907728 3.0080853066836913e+30
-20798828039662704 -307487396748104.62 3.6922367438648404e+30
1.1215181187098334e+17 59125282466115200 3.66660314558352e+30
-41344368094907944 -36182901506621384 1.4290119168967524e+30
12899345898702522 -83504437929288512 9.8348031705875387e+29
14237989927039788 -58074824939068096 7.8248823548142349e+27
14078626200165880 -2386138371136227.5 6.7017821615180826e+29
71931841592453872 -66291325808015840 3.4663374774461033e+30
2573182554358202 -21341979110915176 1.3767151059848939e+30
-84866517574113840 -1.04408213004816e+17 3.5574763557550176e+30
561303896140893.5 -21444626231803552 2.9788175819773675e+30
-45087296638308976 -8754644084004465 3.3958774292860519e+29
66234372155448600 -31081856943470336 2.140370019450103e+30
-28608957430274012 5135314576975362 3.1970142814057534e+30
3603285703004694 45979698348890504 6.0230921925852905e+29
46686672636953384 -1.0026360103643472e+17 1.8839418245270923e+30
20790889550070624 4015209514185080 3.0454063956578837e+30
84836225121401104 -59110355526272240 3.1527485299043848e+30
26742385338253728 29934981171488080 2.9146666979313492e+30
73800422292366944 -42885366318458832 3.7639180655415249e+30
60703770664909864 14877734136023704 1.0848037356675212e+30
-23836913752528140 4002577328436494.5 3.1517887324603253e+30
35882612412167700 76398408534268816 3.4434986982694343e+30
-46205272764483352 46527826898618864 2.7626412104322316e+29
-11716975358187080 -44050311074963784 3.6948031682992261e+30
10819503427374718 39509044113920200 2.3954299071361115e+30
13443015122062484 41139972753705800 1.2093164168813889e+30
59692175260634040 -16122992156851838 3.5438292425744356e+30
-4868979039340788 -22906698764088692 4.6759302261072342e+29
-13950003614473728 23770428033510452 1.0941407508828034e+30
-41056452345359072 66123885635409032 5.8612725149232701e+29
-253838139252365.38 -78118447081430624 3.5725164523449741e+29
978707464525463 -30976810096084596 8.6875128453061178e+29
42976046980325504 -4415858908170444 8.2658603315768727e+29
0 0 1.98892e+36
