-33726427584220972 19973382123692256 3.1790813904140011e+29
-27133136738450568 9637931919984506 3.486267232547697e+30
-17023399192749900 -1302407457321069.2 1.2608594480898692e+30
-5390168916891945 -45845739080308560 3.2460556670905445e+29
85389287410829120 64347998522304752 2.7906915928449956e+30
-10175994647735006 7153569975923466 2.1217071939691182e+30
70119358792892760 56574588631038048 6.2707553020802306e+29
-7341078679706762 -32040625486838460 1.0718870537483737e+30
-22313005192552856 11428771504310288 1.874913236625465e+30
8060698229503960 -9347834469276654 2.7706635468592196e+30
-7803802094170910 -14543241116762350 1.5037336585051737e+30
-5919981935615304 51016220524379928 1.8847375039967788e+30
-26511862071248260 -51633863641304312 1.1607135900328551e+30
19665906556810148 34254579174828372 2.3960611382975504e+30
9120961408770234 23941144560946784 3.5613805238498506e+30
-18189428169514048 22183531377082928 1.0171151219342485e+30
30707678685150772 -62455176948753624 2.5343899374930952e+30
-7746979953835161 -21161431518847900 3.7786971482710832e+30
82297983139958736 98390578277195632 2.7554374886973601e+30
-98935611651956128 92858342473046864 7.2112408745063317e+28
22609058319687536 605292809556905.25 2.5652771086204469e+30
37632615026476304 1212854372283996.5 6.592907624655468e+28
-4480776377517782.5 40116617549181536 1.6847223497736161e+30
4753729284071751 7790649817582951 1.4418176936657217e+30
20481883361807428 -29583367692080740 1.4926205144643924e+30
7317640718836659 67716249215240864 9.9410902879053748e+29
-7044186168697988 10481065927425074 2.203849868812986e+30
-23235653653409932 37878741304018424 2.5076064814345863e+30
-26067582050530648 41828455203646104 2.5193651360524877e+30
-931940126594881.75 26973613716475488 3.2770573158826278e+30
65110687771310904 -50342183212773320 1.1114468404463431e+30
54968384687979512 -26649862274754752 3.2628367151732801e+30
-63218582369277184 2086217987360295.8 1.7620631717383958e+30
59007700482708240 20169401129331504 2.4996626521031078e+30
-37651937995185256 -36813033844760064 1.7747981368959276e+30
9858136697018332 -27244364245159324 2.439962493324784e+30
-33209005809069444 18016943558817756 1.6223759409345474e+30
-36264528346938888 21766975405422152 1.4523046063368977e+30
58244057050994336 -14426317963380290 1.7058529485058323e+30
36885656508175680 58796303622215664 1.5922379173029192e+30
-782159948915299.38 47523812877142320 8.7374282830632532e+29
99886724200975488 1.2379349605754008e+17 4.8389422382803134e+29
-16032361776555222 -29262796966928876 3.8525440363136775e+30
60271469115809928 16216622654154348 9.0213342915475325e+29
24531139683996640 72980084588234176 1.8083611965360531e+30
-46452875633431128 -31419172820124032 2.4209761729248686e+29
-5961124700504798 -61629211428858512 6.1521244875369631e+28
-6607621109520928 -20736424695433484 4.3863644615636406e+29
-15019133517027578 -24419802270969824 2.4049650490191276e+30
-12002420997551684 -10481812000108052 3.5080150162410979e+30
32390648853456568 42644032484075168 2.0713733017226126e+30
-3340724538346693.5 -18438840102743836 3.6722494283155624e+30
-14937146575577110 -18749802361712552 3.2422228928698136e+30
-19850423975834288 -9334930652851690 3.7822370450609518e+30
-59025401270632024 65317273365649768 1.9314521446006885e+30
24153643147872144 9448865363296224 2.6865467319156308e+30
56203120080325512 -20377914326305564 2.4232948219445224e+30
-29655618210798180 15978520520612274 2.6873931743750573e+30
-928251464077074.75 26387637385085636 1.0079949032331532e+30
-88819885351699584 -43463716457234352 1.8065697948027959e+30
-41288956724682304 -11232634021559366 2.8394336327606552e+30
-42104181177522648 12403896985426216 8.9896518442823643e+28
-2237609260405970.8 -59062323077445432 3.7581417669422669e+30
-61383004069272736 -27205646008707504 8.5843927376546094e+27
1.1770532087442482e+17 85337046784741760 2.9955502560843461e+30
-26401912242344216 8254237549242246 1.4574898625795797e+30
67328961700010648 1.1880705866732117e+17 3.1910962900018689e+30
-95785789558697568 23339789923950776 4.069249792882205e+29
-16394243226458626 -7139031764594849 2.2338666958413981e+30
6569670951439351 15277217286004998 1.6388952594254672e+30
-57124686035373072 -20522781728433516 9.873705745362859e+29
61529148490418032 13860799934330744 3.9492058281538727e+30
-11798481203169324 -23199921376730780 3.6073310939354697e+30
12617829706179678 -4890463121220485 2.493890513085548e+30
31318735069989004 -17525752652736252 7.7985045362945738e+29
11825259921148104 -5703046566373420 3.4071775894731585e+30
-11860658722003076 -64336191340512640 1.470866365622175e+30
-96279831259623328 -62399701040680848 3.9130172594978232e+30
-39712667630774136 11083342085728758 1.0401681690093169e+30
-36872663822107104 18870491709038536 2.0904252508949196e+30
66199926970250184 32097472296442276 1.6034830250924399e+30
-333282152902554.94 18130605324267216 3.4929202428231139e+30
6610740560640008 -47418401019341600 1.1678646898297041e+30
66240911722113520 -5871322397519734 2.7972456106135245e+30
-30308949375277368 -8250750509046176 2.1937103742416714e+30
-12230337612655004 -54553726901331808 1.4828529111671343e+30
-6988168067894918 10731137182930354 1.3194336251081977e+30
-52525106257795440 21360304548558332 3.250783827805066e+30
14111674338489356 -15556670246248748 1.6504314131101643e+30
-3466133881974955.5 -18522827094938392 1.4098537796342618e+30
-22938239745820368 33858876822744680 2.9525724115924106e+30
-35327485986216240 -164336282418095.25 2.4862403156427283e+30
29715091445722428 12718253446732986 3.0009605791263239e+30
10304387402590646 -33934790099515212 3.8596045268538573e+30
-5267675678423625 -19688404792837300 3.4394661007377854e+30
7459930980630365 -9898399857774682 2.173133033659938e+30
1.0787761257369622e+17 80899653491496048 2.4795800737479143e+30
55254911262681984 -24895272874893188 3.2006872056563166e+30
-48243412974254440 -98172140313392688 1.1732790215998407e+30
-1.0254197196676299e+17 1.0442930695306314e+17 3.913398735745408e+30
-10291684980650278 -24082185433681204 1.115761510175077e+30
49412595636707848 -1.0782259675218589e+17 3.6627105390325853e+30
-40376648758145888 -11865960740470.721 8.1808761412626902e+28
21799384898175836 34862982014014484 2.9736773873098868e+30
9904171593113794 -27267432842993432 2.5257363544342556e+30
-20720932448036684 -80839879423342896 4.6750206774959263e+29
-10764968519533894 -22727823704332684 3.1172073446302972e+30
-71106509413469600 -18252613848832240 5.7006662019302197e+29
10467214989504140 -28333181073022240 1.3436331764051168e+30
60371597781484056 -33806325081233684 3.712088784855273e+30
-2769563366313918 52437565923700000 2.7495688662373849e+30
-43304784539230696 -52816181241536136 2.2944925645890852e+30
19969310417816840 36614610547449304 3.5996247539228381e+30
38245115235614176 80486559699934272 2.8292621958375428e+30
30876775763555868 2682892876244383.5 3.889378808608096e+30
2521795509431858.5 19146193477541720 3.56252326603928e+30
-11590230269717526 -34982405831224636 6.0851750183791899e+29
-9511965351955516 -22109893370032212 3.2521265395019733e+30
8637216566835808 3864069964327609 4.5455920227088082e+29
-40321486334871536 -23187823537496288 2.4183259219215191e+30
52339121631774168 -2548431307880394 6.3765827357719452e+29
-58568342473147208 14576186580648528 2.8744891571659141e+30
-10674466379224842 6597470660438441 3.5298095541960801e+30
-15923773586149324 195846339135540.62 6.5940158141140791e+29
-2472327724737348 14883404447780852 2.6639597120217558e+29
16830845784828092 -2074715445881685.5 4.8698952115757087e+29
-57237490043631528 -48768643004661136 5.5480129752503978e+26
-23213648436547068 -57824114975941080 5.660090762230948e+29
-32646512217745652 -33929675801932240 2.9035893761587505e+30
-5388621921949548 -43442416361381680 3.803690727306264e+30
-37066352991221856 3202290957857724 1.6009754672327016e+30
18902577015712888 -7861055029863593 9.4448195924952549e+29
-13073865190296078 -29651107896810672 3.9666237418590612e+30
24685562226790780 10287785228351738 2.7995336901233955e+30
-13801809260851498 -8603930253954688 2.8624809527988648e+30
-92356703213484688 59646294237016280 2.0943446741985232e+30
-45304836785015008 -15809416135212942 2.3673904498077885e+30
-11059477899812082 -62806866388935992 3.3100148595756497e+30
48823460271219560 -8543185233304775 5.1034279362873754e+29
-44258949955839680 19091920910398624 3.6965446130691032e+30
16230626628919818 8802429928246077 1.2935015300912129e+30
31094824744925016 9632719175749892 2.6921937034281946e+30
-16855879342255328 -1069727986032926.2 3.0362441757913039e+30
4495731528523118 25851066928065088 9.6623083170112501e+29
15743540788055580 -4523773564749988 3.7707051968926382e+30
-53914403393527344 20746764810045800 2.5534138231535664e+29
32151022506046980 -13240802105877716 3.2479438103280616e+30
25755007641893396 -33511831280429024 2.456072923448725e+30
-84516529391368448 21733376706252040 1.4497590860049307e+30
-49422748687237688 -36797174642757160 2.4198893839114815e+30
-3166325430171708 14247111970542052 1.3108504524689169e+30
-22175297552655840 -54078045210324544 1.5903074661362104e+30
18372377190551792 -88736237661955104 5.143625540306968e+29
-56682672016816112 63657923063701840 9.9062738429540123e+29
-48261455474050192 75412849382801504 1.092101915196324e+30
-22510053734370308 2046619235440225.8 2.6136090091292314e+29
48771949362847960 -88168261607317312 3.1064062360775764e+30
-72900587306459632 80744543485952832 1.8884982249421833e+30
-3816015757017337.5 15203279723182226 1.613701649800462e+30
-24281422042283828 55100258583070632 3.9733499042578606e+30
-4590619263596597 24339437824308000 1.80619183881075e+30
17781128617103938 -5752798861753737 1.4239887775879041e+30
3299313209011963.5 19760951768368904 1.0099420024402605e+30
-51043254029754064 -19911345102226684 2.4105602557502927e+29
81479583658432768 30962261905565096 3.0936519800845467e+30
-41851228372586656 -26789396651506336 1.181388645683361e+30
1717320121783860.8 -58593943717530728 1.0942221073521452e+30
1.044091744711852e+17 -99113324907392720 2.0875261653211648e+30
21448692617177300 -39801182373200336 8.0291523322935457e+29
-3027863215953640.5 58605005337767032 1.6244094666227087e+30
8586573352844597 39269889977608320 2.320049585757605e+30
-3291699467365585.5 -18405908793501944 2.683927751106122e+30
-1.1418949237639187e+17 45299696499845376 2.2774850450476153e+30
-26776809140655344 30869294922109808 1.2032383687521798e+30
28354009615269928 17209523979743876 7.8737027618234012e+29
-20912235751087304 7592676558914213 8.2118173656902035e+28
-55150147209962440 65525290890283584 1.6674778367331749e+30
24957304869837028 -22051342619079312 2.147939848420728e+30
87087085104083712 63570693604388256 3.7108424369265395e+30
-12190702737687182 -54420535812522888 1.1446626104221303e+29
15359509274554026 -4019219775247728.5 3.2062879272886301e+30
-30013798475419776 67014581113019800 3.0883308282939744e+30
-1.220219413513389e+17 84298393240629344 1.3635993356613101e+30
25240416378108004 -24832229480008160 3.1648774020852008e+30
20017811831491548 -4852533644751656 7.1065388728293007e+29
4453780116004985.5 -12531723128819218 2.9786712297120989e+28
-77258881510651984 21802830429767272 1.8632665991098589e+30
-24631998190567024 50337792810059176 1.101435661132532e+30
4076881683013103 -79480716082282080 1.8399869605255652e+30
1.1508378143681362e+17 69597345671915264 1.6618190703992359e+30
-20950536217484468 -105381171847761.39 1.2159042326836434e+30
56555037854695040 -45497525195106368 1.3970763834305203e+30
-24982588726354636 -4334933671460814.5 3.1575747381357543e+30
-26316057312490956 -12020957054801278 1.3074650184600139e+30
13273660260851790 -75484065764380560 1.8096066700708745e+30
-53671443517920000 -85250371227725344 1.6552079299870797e+30
-20579048607057116 -6734673719596588 5.7680749495475542e+29
53521416476103288 -41089687035149872 2.9412636151264683e+30
-36994500686133880 -17910193078292968 2.8571181936874307e+30
14193549267851808 -62465875518210632 3.5631022045821964e+30
15115616370570762 -3702502049520096.5 8.2234635353527749e+29
14062922731484010 -16362588422156316 3.4311521539663173e+30
70551752136767400 -24898074447077624 1.8496338453404937e+30
-53236438018632032 4763334926405166 9.1738454486767603e+29
-17143347678183328 -11737170989443400 1.3376924734570451e+30
2619488278924624.5 9790433121278454 1.226843136049367e+29
-9677625580351656 -58601123268077744 1.5582353361375077e+30
16643572338850068 -5736173954658338 2.5526057228168295e+30
7376377962914962 5181985024000038 3.5033338751352087e+30
73861435355306224 39148905315022488 2.792787581078151e+30
25241442717208676 -24552382050824232 1.2157381570520895e+30
14579888548046542 56784439987567664 3.954212933064113e+30
44644022098128896 14234670953666802 2.3461776434062364e+30
-48049282588926160 64943631341737064 3.7412048257347588e+30
-20857005993889484 24675192664216648 2.5087264937427139e+30
56564853182739424 25364407574239660 2.2424355511765697e+30
-23597676390646168 52472382066846648 2.1779361389308993e+30
-13792741138658870 -8613618126345117 1.3737860024327467e+29
-15649586199798286 559309661967133.31 1.1995231191353109e+30
-60477030754052448 -13448393198990642 1.7989054675215832e+30
26996179807652460 14329589681582012 2.38352218886863e+30
30089632041356344 23078516210459240 1.6491000840528959e+30
68799771860019936 45880188389741520 3.705256122945604e+30
79883846146421728 -55620109927385912 3.1587506878489883e+30
52761122722010160 -29979713373425088 1.3175758088413564e+30
30599861697541260 -868387658109510.62 2.6100050931912894e+30
-45966117552271216 67969363136451544 1.666593810375556e+30
-16847673559584496 -5209295061721672 3.8652595567776943e+30
16567154059315028 28074640042754776 3.8112206727596584e+30
32513282699611212 -99530592623809648 2.3896164069173502e+30
63574663570967296 43182356956610328 1.4525019379681297e+30
-27615424416478216 -42237076404047280 9.2900699373120269e+29
26107867782393548 -11415174759085036 2.0026453775538082e+30
27781824805539104 -10371208477697576 1.6841966386873555e+30
2316086764335606.5 20838337717703200 2.2682660841779721e+30
40202629016418248 -30027811184504596 2.1691446049724643e+30
35864640133194928 -25090781306609896 2.3958569096615239e+30
-29800275760640120 14941557605051852 2.7876545847462904e+29
13893367917115116 9922580361211650 1.9577919018532249e+30
23238536613415020 -4147314320178899.5 1.9132095194060954e+29
47120011448506680 98595824967752048 1.9305848493455309e+30
90465215865288544 -83798924111844032 2.0375986578720945e+30
-8726719562028448 32205352464582144 6.5415929900542083e+29
98749392241121808 92981540151330880 3.4783846530480456e+30
51691139112926208 -68675620611983920 1.686779026662347e+30
-61800027982259240 -18464533142012400 1.6988852575188542e+30
-97404829950750656 20327153898087120 3.3137239883110358e+30
79225757882156528 38298750329351704 3.1798160524293375e+30
24502652741489096 -20249455051680200 3.6127648075264985e+30
-6520220372091555 25780406778465288 1.5347817082308713e+30
4946992605495573 41428619013057072 1.8742888310347412e+30
79850958937811648 39383682928764112 2.5187362735157661e+30
-59943843178217024 -13576347531159766 1.4850995696076599e+30
-70085065360421800 -19797603487739792 2.9948725430414316e+30
79638369681253776 -49605909685485968 3.3087915052848166e+30
-10755084331025812 28830098692952300 1.0001599151386918e+30
-21987358952155684 24944265873129248 2.8791077899150503e+30
-34955916800127272 10583597144122806 3.3763713339445661e+30
26742362761179436 13844586125515890 3.1918578961952212e+28
-65263255394107080 -26102597669514364 2.1191635641409816e+30
25147519955840192 -8617952075995871 8.7305525733370089e+29
-13966533290867390 -16603750173474160 2.0237568676211397e+29
-58863866846215872 29649153490524808 1.8125713451766149e+30
22948683821181148 -8543918953437261 2.0012306268998351e+30
17410127728232042 -6367451060251795 8.2543735205756402e+29
18636583860137764 -39873382755977904 3.6856401369113578e+30
19782563499376392 -30200586234878956 2.0712344440356057e+30
-50845504625620080 30125032447802012 5.863718826593785e+29
44240996282741392 3468815651800142.5 2.8968225407011471e+30
-5038251888483372 17021807179005012 3.5591965746500559e+30
-51501554380820256 -38469113103386736 2.9238133829238475e+30
70441747164790136 64283817656110440 9.425112130219732e+29
19789368422998796 -10388604046981888 1.9603677066725099e+30
78047898140604784 51245568785008568 1.4512296556039705e+30
90041021958767824 37487990869738648 1.6763344882357634e+30
-46541850541180240 6338701188931294 3.811018206391765e+30
-39141439489395576 -28702379084706740 3.1281280011213368e+30
-18940548193268800 -4098213437160889.5 3.6699662563979299e+30
-26190035852598920 -32005936604759908 4.1021963063112289e+29
48960135634995008 23750008392598204 7.5418867873341418e+29
-14186169497248802 55066412024934976 3.3298494849638284e+30
-47833751552855744 -42090855734959816 6.084227501224647e+29
-31230394565556456 23192589686908520 3.0570223969486557e+30
-23639794056700148 30435504373884336 1.3085248415817433e+30
-70431471368903392 74304990554664368 1.3043042970844889e+30
21022769777082256 -12460596176842770 3.9576859341950322e+30
-31394064247288404 -23624977607454576 2.3587448231849698e+30
21497594184125184 -32447534681706044 2.2982621750183661e+30
6493395790108368 9977813611949554 1.1255399496235353e+30
-59752218786734600 3142482162813468 1.7372123719754155e+29
-67890515551695992 30244027420245152 3.1188879254896396e+30
-6949177602923419 -42583785257177048 3.4435939849073928e+30
-30809008817054788 483363117424920.88 3.006703781890637e+30
49041574059687440 -6960247875121829 3.7043376030646071e+30
26653968726974488 64643611922501064 1.464398395122539e+30
25045598621366600 -22523228865377564 3.3401691592734716e+27
28390744147800980 -24762253482219512 2.6170080244979856e+30
7902906092289732 26862159353998952 2.3879829851540714e+30
53418335251698032 68197484821220192 3.3810078854630863e+30
-7005728407082203 -35233341282941992 3.196530587969765e+30
16402328887781154 33198402743943576 3.3396069006356261e+30
-23564006398914568 -9476438406760094 1.0407632781098698e+30
73472832302874832 45095554657014224 6.2690457631120219e+29
62198007814454328 30939833890962972 2.5680025089452896e+30
-10956197941510070 16613335433063454 3.9394050411028025e+30
9416224635907300 27181245894340772 2.8969350165728398e+29
39700081905724656 -26815659609437612 3.9174949450244709e+30
7880814468558716 -26195353016574444 2.0744758770593846e+30
9217921618101694 80675934026994896 2.345691115428703e+30
-6641302562273948 17294339602128020 3.9159599796313742e+30
3512247138916714 -45347762696293152 2.5783559539233124e+30
39657191262202312 -25522221662809896 1.3581151442407816e+30
-3482500903481830.5 -67547027908756168 2.1097852274032039e+30
15037486946116520 34575999970224796 4.7832307042786856e+29
-35217841402205508 -21713415207790608 3.8027276522835491e+29
-14647071020750634 4911345859385212 2.9990417762081806e+30
18241551604329352 -173568617869958 3.8785021451234983e+30
931652585950862.75 -15365713824451602 1.6147597149347858e+30
-4453908418581122.5 13037017760792142 8.7334570300534783e+29
-27072980755452172 -60670948737928768 2.8931266075420969e+30
-50084028447091504 49592861017555728 2.1132877277605978e+30
-38693828083267520 41820033005814728 2.3786114324559778e+30
43253886718629672 -7314173021613280 1.3292594007046533e+30
-51241099713746968 -42425605647365624 1.5539209018004507e+29
29847677197805020 2070942896057926.8 3.6327736194783939e+30
-20345836587812516 -74487690386733136 2.8931179568306254e+30
29593356126694816 -87830417294974208 8.6338970880537357e+29
-61221954416175864 -74638586821785344 2.5753967438881075e+30
24885513532778704 -27030275783832392 3.4134890937228876e+30
-61783626057272512 -15225215131946920 7.3680898640025002e+29
-58631649387634912 -35520616354352820 1.2789102709483669e+30
78600690223332496 -35017459289646488 3.6292402545375428e+30
-8757805841440264 -13657518184998034 5.3135856454915693e+29
-23686283161826120 -1866742638289592 2.7988269992962018e+30
23541782836855784 77607186574376784 3.7842548569707718e+30
-7205655667892634 -15087916270486574 2.1997083231502157e+30
14105216821491370 -2419307763415730 2.4258751582104114e+30
-29045219595162028 -4836745010676161 2.1931089512989905e+30
47320701695127288 4679161937397322 7.6570872441889601e+28
-18271496660155956 -48577936002808416 3.3656744338451308e+30
-26373286856615292 29421763009012036 7.823128668519322e+29
-1983153127296398.8 -32873782367037264 2.7255976589421661e+30
782510788956166 -15479781127457966 1.8291346616685577e+29
-4933174988243336 16051067081684884 2.4456209244059949e+30
11559044106966268 -5972301773660786 1.4670568570432004e+30
-27910037620104832 14159595185986506 2.2319231107567758e+30
14629955283476356 -29254006722698776 4.3813268333316288e+29
-73760091543731568 15378343222819266 3.164238694460954e+30
15807568969396232 21587138937308120 1.0651504551760515e+30
1115800164838787.6 -15224205973591374 2.2479090169826063e+30
-6066170952042881 -39093065577308504 2.7310655021149992e+30
-2524898745998372 14835589748119248 2.070243327081121e+30
15135211102639866 42289871220288072 2.9305711817486878e+30
19284855443936472 -1917206910845582 2.7468450290869756e+30
519575652486886.75 -15679700875068574 2.4205872738117897e+30
86045963466639136 -67885060468787312 3.0254929167317823e+30
15471437877578600 51696843166309840 3.1791747325511644e+30
-2346532551131083.5 14046844550324120 7.5343623141744413e+29
5407351471715656 -50153058564479704 3.5406822879957273e+29
30120788221591780 23328539644533684 7.4962050874301723e+28
40667847792879912 21525602831399692 2.6446390248781794e+29
-49950940666724184 22989151973752884 2.5130956647767633e+28
31322050736373024 8480756396476589 1.619028358285089e+30
22165955340867416 30954680871174868 6.4833177884685063e+29
1.0607640302013254e+17 76304294206289424 8.1053505239481043e+28
9827459073858958 51703647589904152 2.016062587838984e+30
28269438161541488 -24079475529315528 3.2725494985124774e+30
40685940701777272 -1.1168923727599094e+17 3.5989844409550016e+30
38000700085810256 18676848283387108 2.107007377535295e+30
49905025972134392 4470995487872988.5 3.4557565806213291e+30
-3155184409189049.5 -18566860507022784 1.8781583370536697e+30
-93760869677787264 93791648653958640 5.7952446442734243e+29
92663660418994304 -62902548905996624 3.4871341131927159e+30
80110987302921008 35755272164808748 1.2638265632544062e+30
17624515708160086 -30014809426868104 3.1900588089878221e+30
-39008699024533504 -22095111170329168 3.5902969994182143e+30
-19737453078911256 -7622393111491654 3.3345186401400216e+30
-17394077411457278 36742911045598848 9.727910509847955e+29
-32316534501303868 39088581527428384 2.2717413568151607e+30
36582179451509520 -62633381872626576 1.7962498030299401e+29
-15003202878948258 -36423248264670192 2.7257360385082864e+30
-14616910763645076 33324680708213932 2.2406279428495736e+30
9616123392934216 -47676791382609320 2.8461857924675031e+30
-78430168198565552 -16497286468286816 2.7762790968861054e+30
-39271283827800640 47654143830418496 2.4948474833353174e+30
170031791999403.62 17206981853319280 1.8170331746328386e+30
-2063230762271607.2 -17562723760690872 3.9216659941944448e+30
28779920470688888 8998768345505770 1.4925132119936905e+30
-3730523378746753.5 -43529535489739224 1.1472808931137597e+30
-2598696388200503.5 14768362809378612 2.4097865218533883e+30
-16558405522484886 -67658764173031000 7.806006153827729e+29
15241032628429446 34988973114103364 1.4036387423421604e+30
5663240333986182 14946971796547056 1.7150214499630178e+28
-29305074928510052 14786679720717628 7.9977537563941849e+29
30195858617962240 24333829157544452 2.1603312118840368e+30
24587926702617852 -132370615686048.39 1.8794382998311413e+30
-74051240802243696 -90510466751831824 4.1946892268715442e+25
-38547231489597808 -21753121611408896 1.3779499339007591e+30
32881805883144584 -73194658862481952 1.3251177023980664e+30
-19142591426581892 28614761830265640 2.5335503230327858e+30
86178606796101056 -58748233943420216 7.6487873006821685e+29
21743101209975352 42419595730462856 1.152156967323116e+30
74142147550544192 -88464619740627616 2.1492488738348183e+30
35029737508387072 -92339440461271952 3.7702311622926593e+30
2992524677830613.5 -23162710105439388 1.1260632505540476e+30
20704633216165608 2502254497856374 2.9856933563665126e+30
-57954092441746816 -5254804088107759 2.4119648863084074e+30
1.0846377805135274e+17 1.2823376665492798e+17 3.8145387384836539e+30
-71085009317773472 -38437073995435072 2.1294239030019208e+30
15506626711313586 36352648737265560 3.7915056505209639e+29
19245465632656344 2646237645386822 2.2852692560959512e+30
-22649154039277104 -24882041916152616 6.3558058268746113e+29
9767499846797054 2644618883544132 1.6021349400862922e+29
35434116510547024 -56901000765270864 3.7245986340830709e+29
-38430512946885496 -18064977487459512 1.0923637348212077e+30
98320617820338752 63078678724810944 3.5620905199922213e+30
11570646164409410 60166738542070576 3.5353295672466666e+30
-23665807097037248 -12908163863089092 1.3691873068685996e+30
24351554196157420 -49967688390580848 2.3843932855577645e+27
-31980365924019676 -50841435932332544 2.1613129759282693e+30
57320050079796080 -14669364422689748 1.7355832879221926e+30
10119489121495494 -20135630284002928 6.4390661551154986e+29
27976707054762616 1345868202698193.2 8.3513292617341363e+29
19940473705653488 -21038842461086512 2.8828261177026732e+30
58016741638628624 -15271440219060012 3.60325744598518e+30
18836315488373332 85214786664082.422 8.5983076116661284e+29
-9273952296095470 64375553529147992 1.157733882582039e+30
-32974349205512292 -54691117779424472 9.9570771417713057e+28
-44957452273744728 -13161826592138704 1.4400587624355873e+30
-25909814090185864 7375476152260269 3.076763773989718e+30
-66681753611332096 -35692538562531832 8.5104921394966051e+29
-28223879471867328 38291336331324360 2.4862738352253442e+30
94904557894382.469 -21099995998691580 1.2020222931067052e+30
-76060251757217792 10462521461966692 1.1004859041650464e+30
10270480762235250 -14080853879104552 2.4392063775279646e+29
-9517729476150868 -12936751472973784 1.0854167494810735e+30
-22684876420106528 25072536897949632 2.0027513812448025e+30
-77578769577483824 16741587819195878 2.0637494502588299e+30
-39945709500387648 -62769774386100152 4.5477799733515565e+29
212688638943414.09 26986655947876364 1.6711324923291634e+30
-7169824138905451 39054171651616736 1.8391929865223947e+30
-76557713012814592 -1.0076496841793299e+17 2.082626084430516e+30
-52215271097864728 -16148550822437326 2.3307145728322154e+30
1.2044708711722069e+17 81827436331020768 3.5335155473830187e+30
-22401482566106352 -7821116216196790 3.1346962561984391e+30
24841518314581156 30199211547596836 5.1231071535227746e+28
-30981336205099232 21068599870616392 1.9353052621171391e+30
98585098874513488 -84488145213332736 3.7383464812111092e+29
36238354726194232 -4262721258895186.5 3.9430171325600805e+30
-16332149240498444 23009939325393352 1.7625825164616387e+30
52896194074814592 3476895185947336 2.7005039302743468e+30
-46842291757478112 -43403692137718688 3.2516140557474229e+30
-4053814883513268 -18911512792430104 7.0674305974150643e+29
-54814411326165288 13331472873674428 2.9864448572163665e+30
25158043791603312 27318119300133096 9.3072207910378153e+29
-17834754745899036 22194542608095008 6.3359923173385885e+29
24816715831386016 12020336666241244 9.6777403990468451e+29
-28319334689393116 45750378712533240 2.7457518408787726e+30
-65298270159132824 -19738635151742296 2.2649383748885521e+30
-10849596994892136 -11639984729439948 2.0459322380169943e+30
-5631720432511014 22756878742019384 3.1332574133727088e+30
-92693599010187280 18376806173012864 3.4525223859260782e+30
32411552763614264 -31562675805319756 2.8649568986406805e+30
19866125035803184 73807224048539776 3.8744010984720752e+30
35760636573705448 -36635410127763920 2.0764698007479518e+30
44362706148162600 -641295023140091.5 1.7927235431252899e+30
-19952499530776284 -5693544335785891 2.5581628251599341e+30
-16796852355090898 -5268388020038767 2.4307850084737778e+30
77891462712143872 35969695765968268 3.0887862870994215e+30
16339500426801472 -21284729118509004 5.5509991533680455e+29
1702628782823296 -21874728655462116 2.6418571867237033e+30
20535935028893096 -11620503304100756 3.8418660277101882e+30
2278824547910359 71578337918208952 3.5012158177505532e+30
12003059260466964 25718882804844140 4.5015197418975236e+29
-29733465001499756 -36675561480777592 2.9647673074666658e+30
19462337471518208 -15801127235804652 3.6279475217837328e+30
12484545638194312 -40928202321522944 8.3469211928667945e+29
-20989284950108768 -53568266393561.898 6.4656813177092261e+29
-3869576787796473.5 -35317470146164064 3.699268192533917e+30
-4909434259219138 -58932140194343648 3.465801139078e+30
39356680700150248 72383805665919664 2.9876862676498132e+30
-8149371980524345 -66112018644425976 3.5490463129332183e+30
3193589958985453.5 24847390515952864 1.6177838715332141e+30
10514719167177092 -9753747260714204 7.6942624348988196e+29
-12066918678723164 20796934125063872 3.9232326717283893e+30
4138258818301621 -33026901407906796 3.1942178184930088e+30
-13459916019262074 3336398265967537 1.3112368772016467e+30
36574482406124048 88654160807298048 1.9841136689022971e+30
40580789335958080 -207305888689217.47 3.7440076173839672e+29
-9692803021464898 -41511955757805848 2.3735245702869308e+30
-81586186417544880 38007148268486144 7.3934049413966262e+29
58120570257860752 92066333006125488 1.0529144136170345e+30
-22127707805045140 -24865754020032400 2.9687599848689053e+30
1.112294250641765e+17 96231671535320976 9.5087067750981146e+29
-12950450140842660 -30365992413031988 2.4027129364979237e+30
-55513876305813840 -3987520390100395 3.7104539439999201e+30
81259273160889744 -43238421625188496 3.3214449283596155e+30
92384472983504624 -61939107187786584 9.946469297569982e+29
23636041179116712 59556533327423952 3.1660245499139383e+30
-6008901591004711 -20145166806324188 4.8563153591478038e+29
-96615768063154048 8917882441470746 1.9965053938787795e+30
11212927470354328 26184250160735780 1.659645134201368e+30
-2222469795561968 -37284901249432568 2.4411794497590997e+29
-649678508053480.12 16502729257340078 2.2571169847765063e+30
86196835806634192 53179326258773848 1.984448698028258e+30
71570940118000472 22669849021220256 1.7305405665465996e+30
-2529379308759137.5 23816125677866768 3.8490645809008728e+30
18416433852308232 -90957857892284528 3.4832199980351046e+30
-31528530671393636 56894834342283016 3.9347805096977529e+30
99429883160155744 81818478606071280 3.6235748006442429e+30
11240733751450312 -27908501734624536 2.5428248274629122e+30
97901497963364672 -80778965372107952 1.3186084787434873e+30
103856135588156.66 -52182725251895944 2.8763513375410334e+30
-16079259013021742 22894104378737524 5.9701042606042691e+29
-9733790678752802 -22222767654968900 1.2185338951482103e+30
70651042304267920 79974655466812416 8.3911101088695962e+29
31485372948381352 -22806803205609228 2.2062639603187183e+30
-10862393633017356 -40948886274661856 2.6003566268648138e+30
1.0651995881217392e+17 56097966541289800 1.9371459320332554e+30
16056765272913194 12800277566196080 1.4591926219129306e+30
-16324981592852464 62670687335439504 2.9454683658498448e+30
-63879116164551040 -1686470549413611.8 2.7477539121116803e+30
4588921298772275 24455014431226020 2.6065443564411758e+30
-10118169090583790 -23384938755051768 1.484262988344296e+29
6198466281371953 6375062968959563 1.2097974705888051e+30
-6136293123563756 32842388609803712 8.1696019531333651e+29
-15581270155245862 -6656028998669409 1.4304434908527823e+30
17550343369142288 -41781370866040896 3.3138725726255286e+30
50443677303112456 40809442757451216 2.2298847245023361e+30
-91318359547398832 8666694281902940 1.6636507623365322e+30
90047241500914864 62153294291314320 1.3904343192048875e+30
83545077616630480 -54826999057744904 3.1012496913721215e+30
-31693469834213860 -56110889490362400 7.7832727756280724e+29
29342725823764224 19863433605340148 1.0158667755311547e+29
-76147539580475344 19710671412289140 4.4851232771741266e+29
-28697537115266152 18864411154867832 3.1592388773336043e+30
-50717400732303856 31069358696661652 2.451036904264954e+30
-27497089107716136 10369709534395974 2.1635669099476259e+30
-1141889730606248 20190979068110876 5.3218829852396426e+29
-18044642805810364 39321455440471912 1.6505314277979758e+30
23746669406401072 -17254518963707978 1.1319489167513704e+30
-1.0112224742546472e+17 16894201096896580 1.5836635510854525e+30
34137952655863484 -14276716727622254 7.0540734517231922e+29
49493009511561832 -25469584098933920 1.7233009104163851e+30
-9685843619415850 -49265473647699216 2.5538411622079573e+29
-40378833325715872 -31356698216047584 7.3427769909612908e+29
-1.003997149906528e+17 16993163981358938 8.5362351175800497e+29
-77750786292988224 -29844410129491804 3.9559167334915766e+30
6777485572755153 40881362913020104 3.8662193597166824e+30
-31462344404509016 70281075273485896 3.4331059175388683e+30
-84295287501172240 10346572901151518 1.9912968068931419e+30
16671098339732724 -29825944233629104 3.9178073719287523e+30
-96468163339293600 -45800333951420008 1.624515519768065e+30
89244785407082832 26136022424255936 7.8217601532414354e+28
-18688273475118152 38852104949930536 1.6972377969025759e+30
17615143758950344 -46183001444599424 3.7009767020980453e+30
65595767631909848 -29610796765041856 9.8921766845498845e+28
28643818703147952 2984923576949402 9.6430038174861727e+29
-39409535397195088 47070795746896816 2.1356173364212241e+30
-25560610303518204 -34932622850358508 7.9269669522599833e+29
22851741283085272 9187726595375214 8.5332330955582453e+29
-44667789411052176 10703590090954022 3.1209636312475457e+30
22100658137290456 -53652179817964488 1.3616007718417564e+30
-24739620274237072 -4857111682911067 1.1819854144386703e+30
-3556008364351966.5 22096205491190264 9.3891768208864115e+29
25241916364583916 -24693065964572692 2.6752369261109491e+30
82565552823107088 -1.2391509033779496e+17 3.2085141145739895e+30
54089166535392448 -80130067329012240 2.4411992416475282e+30
638795675612785.62 -21501422419779616 1.1019716343448589e+30
19451372048620752 -2538610732295477 9.3949004603730716e+29
51162870710525872 -95973094342967040 3.5933649670522967e+30
15557755474573360 -3136439408613738 2.1111985962154073e+30
-8888316823589680 28193672954634272 2.3111807737017893e+30
11065155481230884 49314054179688912 3.9636525489606884e+30
70980099313368008 -30043446581205492 6.8714263177525847e+29
-89195977393134048 -41856922389378376 2.2561745546945397e+30
23862980975054932 -16315209758188434 2.8438436758320135e+30
-82468696245829440 12740856139284634 2.9295535093697319e+30
-8807416189675959 61084582210671096 3.5266629858528659e+30
-65916765793760840 -18119853891905232 8.3382380549320171e+29
-19523421128342848 -5005198208982433 2.6124422719485432e+29
10491371058525768 -46989534870787360 1.0299306503769467e+30
-1.06166326852232e+17 -70230921945119144 2.3127226592935983e+30
26532027771437544 -27921589514193944 2.8685548865200099e+30
-23913802929962160 4120087775065713 7.2172235381747602e+29
-8643194230663321 -37963695265534808 2.3949655539899832e+30
1.0848686051075784e+17 55213860349012744 2.0920390386466412e+30
-64242605455512392 1368221372723793.8 2.2151056535385377e+29
13076512694973420 -5182178933233350 2.844076598882355e+30
-25635875610806364 -25600754030684032 8.8154164731394098e+29
15801277164422806 -4600266045546158 3.6214210742733445e+30
54920897232430064 88638740193131744 2.063446113722403e+30
113570795090698.78 41666506160924096 2.1277787267340966e+30
1.0637602536873198e+17 83103065092406464 3.0435909664778183e+30
17571167121540712 -7009735439790795 1.1609296665872227e+30
-29822645685836048 16656576244578620 3.5270949148837058e+30
-91379853585369360 44097299041733288 3.5964567300699122e+30
-50613766949744584 -4419454317783183 5.7333396931511339e+29
-42117102994949544 30714771812498524 3.2462105778274748e+30
-22959333393832216 63057809986727512 3.5590493819529916e+30
-388445248136549.06 -16358489263564546 4.9894836878476986e+29
-1168646268843305.8 -40085542452019336 2.021822189519557e+30
12747925006209002 -8213319341448968 2.3657925064985082e+30
95374097249357088 -78594554898369424 2.2287175817869918e+30
-23943559410617672 -10366001815148932 5.9426567809846813e+29
-3720785878742964.5 16002345801681732 3.0267557466388383e+30
-23779485196916404 34035543100883656 6.4357352877218376e+29
36397837284724048 -20817222067772108 1.7938164504539809e+30
998217472696002.88 -21796933009789204 1.7072046443146132e+30
-28959819642197716 -13730394451557706 2.7336184250472925e+30
-19639327116370300 25327450661239208 3.2195772063852683e+30
16855771675133628 -53312091522788024 2.2650421864306875e+30
55257104755116464 -91272072027922784 8.3581114349143983e+27
33966340162920124 14396939187800854 8.9432228225558378e+29
52140477889633752 26226456032627800 3.7720925696109931e+30
28766866096311240 -727388221030602.12 1.1106070714898917e+30
66424609287872712 35664440168647452 2.7089078530473293e+30
26699437235044020 3047264523200803.5 1.5949839475597985e+30
30151410938531352 25610947806813280 2.0584845692737658e+30
-39201967722599160 25825999573190172 2.0113837640511241e+30
10394908091689542 -20911014825626804 3.1976149325058506e+30
-75132148046817664 -53018155905077832 3.6502266208594855e+30
21056774381031140 -12520501312171490 3.010245353029772e+30
10603549374607670 -6923858846049539 5.1216299667041499e+29
-5908793129575831 16769085851429538 3.8857569117419982e+30
57249144924392576 17090529342558708 3.7561691323645528e+28
19978146261547364 2360591464936124.5 2.8338924872490258e+30
24002725235305396 63539793181623376 2.9892281379710352e+30
64208952326644208 -68048993369968000 7.2608933079719415e+29
18593686937802892 1836727519829944 1.4073863684722797e+30
3762365218585870 20120848479337592 1.9594842744674157e+30
749905475592135.12 40290088710534120 6.8180216288874314e+29
7678856250554518 38868680723704928 3.6201216967054054e+30
-42497937011813704 -22439563030330992 3.8138870868356124e+30
40294333925163960 20223591684715608 1.5133769131659797e+30
-18762107923194380 -8167040910162381 3.4436495919786236e+30
-22171315595493644 -48008325991774744 9.3068187502833174e+29
13021263629307084 10086112815164750 1.2249180650388054e+29
-3922745476413818.5 36253706313733384 6.1322234612774576e+29
-65783959285282120 -22654727145132100 2.3561069276855972e+30
33070697628166824 -6501930853115172 9.7660290314224373e+29
32462335252089000 9957211741835496 1.2079404719763068e+30
-7229846850881224 17707660352977470 3.7181240606145391e+30
14172228687321838 39043319764452896 2.9868332243356919e+30
-61612354026213440 -40963423618485000 3.6393516109586391e+30
10688550693725260 -6840135550846800 7.9355597666744106e+29
22026641978546288 -11235587751722282 2.4707170885376824e+29
-23457810930819068 50441285501476448 3.6567629574168324e+30
-7246392491058087 23564022763629260 8.4077500721665117e+29
32863374917079608 -90089992566675728 3.4090274749262995e+30
59212191571389208 39869713674292784 5.6578892800589606e+29
61499330527445728 43848172364387608 1.2491985808127699e+29
22819249261170728 7450035013324317 1.3718429362378192e+29
3664708299659925 24641473356246440 1.8583351712341385e+30
-31728003327742176 20004387773977280 3.6910160720478123e+30
29964315668034228 15700464439599556 2.6495971764069739e+30
5448911152582573 21392207607585928 1.1962126929317213e+30
-66023669061798304 -98364362663257856 3.7233374031246756e+30
26033142781518232 71694196444147296 2.4517526903168057e+30
-4060899082604320 18618060957180524 1.3398430368048501e+30
-21268327133951408 -1129515597124031.2 3.6321382195977252e+30
-22228018534985552 -14176807427411184 1.5834769996417532e+29
-51640271648255056 74632038437472864 2.0829173385569251e+30
2113964033301519 37390377793408968 4.5701084285290345e+29
17890633031304688 44061049692309816 1.3047528070023768e+30
1307837926983166.5 18160184298405048 2.8468545820425907e+29
6271883435909294 21989903717698908 2.2987664104675253e+30
69405728396480848 -59293717495899240 1.2437121280378795e+30
-16883685539024732 -5167367620314725 2.4695548250399308e+30
49940007125020848 10462916645321160 7.5870557790996209e+29
20892746224408340 4776457026546821 3.1903425976412811e+30
61802545660530928 -4944022346312890 7.4674843268275156e+29
14138599005394762 14871179991214178 9.8089700216896075e+29
-51694109775503272 -19754788954559248 3.2523057985058041e+30
-90465389394999328 28408836461511792 9.5260160509625483e+28
-15139457817414080 31968003136410364 2.386386189833009e+30
-74660824594369120 82342209465537200 2.4903548785664814e+29
75743389026189056 -1.1943818699402394e+17 2.3463662015852294e+30
-33824692315900472 -61047148155686896 2.3765214631290525e+30
-33369526591859256 -54367822358905832 1.0948571652709554e+30
-1.1856766027817971e+17 65093996609896576 8.8209206178534646e+29
38177185477464296 16202878205518022 1.904591446480901e+30
26428045323476064 13260947537551758 7.7057092641340525e+28
1737032512868348.2 28184045462052696 2.8571508040542343e+30
48006982239097952 -7300688947895979 3.6157081572105508e+30
-41280230915304480 45322519201474096 2.9169505903848772e+30
-16367743770453768 -24795602188778180 3.5978307588488439e+30
34967924375939184 -9113870093701124 1.1350963211617693e+29
34777846151694512 18570491676241436 8.5576198049173222e+29
21623215443477584 20044199711005052 2.8326073301286236e+29
58369011245351472 19936235283508636 1.3956723846514836e+30
-2945877214542951.5 14524157379800540 8.5223206922914502e+29
3157629880006964.5 25224652004945696 1.453015304678049e+30
-20408813557563108 68464953129252184 7.7382508953499216e+29
-24430506522995416 -3607232916074441 1.2993344110544413e+29
15914890820998574 -1321040355144838 8.6308607490464625e+29
10389189617516966 1957709948647711.2 2.7896386581666049e+30
-30196683320133500 19402477873399932 3.8336209263315198e+30
6399442654848003 26376226771894608 8.2886467790944397e+29
28873112446713472 18508310257121068 3.3371184174568226e+30
-81254101001074016 84477391122238448 1.3368421785558779e+30
56764612080202616 -98278181019361648 5.1477346235140459e+29
-39289429970110056 6480476637124957 2.4210425506464487e+30
-12387133772692918 46519985288843736 3.9232968287500407e+30
14532768610411772 -55255172227499912 3.6330235203269334e+30
-68136966928709264 -15122488337073392 3.8346895076349019e+30
43779926871508264 79317212477167664 3.1613803930587879e+30
93011016456602560 57725485078776304 3.2410559834319459e+30
4674909775008522 48656855390067456 2.3630038363881108e+30
22350656316499760 -5647838567172346 3.4177027015366426e+30
33236982737301164 -31903066583926964 2.2003332032192224e+30
33917060820819912 -6400143144066896 3.5552482535577094e+30
72284765000519856 -71396364435178536 2.0647120651215209e+30
4782693019166965 54845795966238688 7.6062920107755349e+29
-1947694569567293.8 41557426317979824 2.3161205126493049e+28
-25739925541048804 -71086441937641408 2.7241191768665389e+30
9514258158720368 -8126512738235796 3.8106039286690561e+30
17415920005160246 416576463201510.81 4.2695754573074228e+29
-9936476065915624 7418047717950287 7.9621281433132307e+29
-53207511760655712 6945318118178384 3.4981667012955853e+30
-36333064239031720 27784456961067476 2.4671394029991171e+30
-86013286532244736 48884471757600664 2.996509053327198e+30
-28590166117858584 -32433587568087092 1.6444337670608499e+30
-20918124694462504 4069274199674521.5 2.0763075909763986e+30
14722355700455046 -3197660706400486 3.1230901824191292e+30
58100160081079280 -95373837152522288 2.0097591224492144e+30
44246217760472208 -32818721643637188 6.1112794490106677e+29
-7532140480322081 -14791626942890594 3.8866756135937833e+30
-41413903058208136 6246749907664009 2.5610653559656914e+28
27977477644950640 87046243677322656 3.1712591237938421e+30
-49336073051223480 -868980744635718.25 3.0321840690218121e+30
19029982515925028 17019800518531598 6.6881709536056969e+29
56621207397805584 31338895832603004 1.2902694860137888e+30
-7879405328797641 -49343859325715600 2.3389660716911498e+30
-2224463139722056.2 15107998713704224 2.1050404873920856e+30
-17594365553522872 -16098803309599924 2.6234285605169753e+30
-41872221439423712 -44903613426654432 6.3973693048435889e+29
-34326318833125600 -10440790690575902 1.2665530272912037e+30
58335128492300568 -1230093030252285 2.7521009772668538e+30
65490735113860920 47438445775787976 3.8610239964201519e+30
11661639800572168 513665815707798 9.8844637340267989e+29
-23662133044621196 4946273408992684 3.1714227691422571e+30
1852351304621419.2 68325582021461032 3.5105990504525854e+30
-52419316271372536 59893600594387672 1.0823494046883625e+30
1.2248891395444387e+17 1.0256544152748814e+17 2.1720286163559109e+29
-62200107292474104 3185377117142687 3.0587231485323381e+30
-35109079891499576 31686685286957208 2.3437314819511351e+30
-16516862432880200 -603854179829943.5 2.3040614892352419e+30
67877258431791648 1175301189141787.8 1.9517079960230578e+30
26572769696408044 81713411359092528 2.9460333663008133e+30
45848596395765728 7006039618197077 1.5539993850775966e+29
-90621719285308016 35252162682381836 3.0685883600663122e+30
-13948609054613454 -70055690229160304 1.4010825324318036e+30
-1.0606777073070011e+17 71219135509639136 3.8356597247676965e+30
-91363767529845648 -76225684295195216 2.8007427283243192e+30
65512101279125776 -40078673661541840 3.9533607647820279e+30
-5821024730802785 27196324766196896 9.5634281642336917e+29
-16227678223210432 37424524455253392 1.4592731637944566e+30
69573349885177120 51285453535852936 3.6070570972725699e+30
21447954462412924 -41266925734532232 1.6838123163322917e+30
15143425079886506 -62339478912362680 1.8801108976887097e+30
-8003702140045378 -21304782602043564 1.2646900946248154e+30
-16000204543624174 -61043594154897280 2.5251396174343198e+30
22939996151953956 32213638219732248 2.8028175499126552e+30
-4797960069718421 -17199308087029868 3.0500731864900878e+30
30171093823501340 23861030429273480 4.0559529768164893e+29
46110405602025080 -23208906856520124 2.8339183825818225e+30
-7557548589859757 21596784557207248 1.2539097418114263e+30
-6248035870713086 -68174444736769328 3.1949088046793932e+30
56391853086496544 -40065077801376248 9.1408662393149842e+28
-27245894249656676 -31477207197421704 8.2373656015705218e+29
-42120725304036136 22315380070271364 1.5954127825732228e+30
800795826588398.88 -51579421753100560 4.2841203760986527e+29
93685460867240288 70018698849904176 2.865775778765299e+30
28614829902347908 -47452589117411896 2.7354860833351319e+30
-21051495517495532 -2102911245343594.8 2.9896092130267423e+30
-1.1535847512033242e+17 1.0648037226123237e+17 1.8835610346316269e+30
22131044178059652 -7136716468702919 3.4312660105276294e+29
31439641936046012 16342784241587254 9.7713986435171814e+29
27578163124423408 -41312171529519632 5.6594074862988752e+29
31911172903452420 -45409543419616280 2.0820775244268396e+30
17001191443074786 8569985295099070 3.9508916096890253e+30
-1.0522009263463971e+17 54966040534691232 3.72119756923379e+29
-21214567720800044 -30238825648234220 2.6314868500760726e+30
51692836410610768 -68680338049445696 1.7164911829145972e+30
95418609620207680 29070220928076600 8.5588838390381386e+29
-15034515641282364 -7264695771615746 1.0260598626391739e+30
12460602849990038 -37501700362016568 2.6853957072370351e+30
59367170350461560 29019582261626036 3.5736525934178335e+30
66593131057580792 58422959272515584 2.7394818611497165e+29
-43150776191026568 22062703324614344 3.2700835076567707e+30
-54648828374355344 -14821152026792630 2.6868186048592727e+30
20782221540615072 -72536381708091552 3.9005606062952309e+30
36949514962889960 79959632044532704 2.2334610437839174e+30
-53575913094852544 -86897959767120864 8.6046142871670035e+29
-620369124809234.12 29222589941525816 1.4965838318657128e+30
-37059281279994592 -12498730381877742 1.9724213019963098e+29
-11046742081132964 -42203112255318912 3.6766028775327427e+30
2781972242096247 22374668046238980 2.645857013321402e+30
7785322720922904 -9601224001432872 2.7751386421116577e+30
-57264050362623208 -18567273558055016 3.9049252067269007e+30
25448849032817204 11542636991151474 3.0864734229946687e+30
4464566121531922 -32512771215952740 1.218084314809237e+30
-4175407576673147 -30426040292060152 1.992855618976459e+30
-6393195405664125 -21692166295294280 4.7799791629248077e+29
34188283307561840 -536969058485169.69 3.0355297050039476e+30
-42422932942874120 -30904247396401612 1.7093817643010905e+30
-84066577006348336 97031834823244064 2.5539060853153891e+30
21714611585698600 -13715327772242560 3.2870976793596242e+30
-4379173852727288 37369424600135392 3.7868148112145617e+30
-64633752012718632 -14075819475219452 5.1862192932308649e+29
23860216909894188 51186414284355976 2.675301249832802e+30
-74502895522776384 29489759754164672 2.1315716436980402e+29
-7036542460547024 -73484345438373536 3.7428056438403648e+30
-20004627944560904 -5778468799065062 3.3804642543932394e+30
-5141603323363115 35845050750159372 1.9806363335661472e+30
-96385897223192816 92911048435028192 2.1375824979039995e+30
94772788580352240 30684734227910452 3.7617491107983772e+30
-33849093241464056 -11456246780692400 1.3355337802638873e+30
-9272748363657088 -45322052173800144 2.8507810047645396e+30
16638576344156514 30319129608456832 3.8040532888639859e+30
27965759958149448 -68546908920132360 5.0071931341924558e+29
-7726271219103308 9779549634063746 1.0548257536284068e+29
30180692297929864 24004700974412096 2.2321369267947326e+30
-39571269040093136 -1571789441668418 3.872687754602114e+30
13511074965851326 -56200417998553856 1.6102260394821422e+30
55655548861137784 -36877801188043256 3.4490899998381435e+30
-24107427140143396 -83536110126269296 3.8587608578536287e+30
59192907519144984 1.079708775065484e+17 5.0587126259127223e+29
-20515368854724720 -996072338220874 1.1612395117787504e+30
-37738648173388632 -11883944337283702 3.3190280566855557e+30
-4408968831576607 17559560060503492 2.397941880410816e+30
25143866992903504 -779183465906147.75 1.540632041908881e+30
63300232798702624 -23410705611163108 2.147163032334217e+30
33763571987421564 -14495608234966762 1.437089531475124e+30
-78803400644260816 -48758264777820736 2.4556401938864533e+30
-50640947797675544 9068921507682546 8.5088288491323954e+29
-14348863321797860 -44805803923612328 8.1254952882453094e+29
85459543397203008 57187406780153936 1.7323023214661972e+29
-167179233501321.44 -16194747205334988 1.150743625985559e+30
-8086768978109112 19248091280166972 1.0699773961473761e+30
-36220784613363264 20452412421784020 6.4618367447103146e+29
1095246268944697.5 17984224469657784 9.6960671127767235e+29
16927517426805770 -13477594212129424 3.2592945776801899e+29
-3682593661548949 18256862266031588 2.790306365116548e+29
33296245265365572 -44481899940586576 2.2500023160328258e+30
-14367973679436642 3319095479165278 4.7906989511063375e+29
-23356509713468216 -12159948225352204 7.1241451727045002e+29
76549331439385856 17096977734978354 2.084588004108864e+30
-36957949630742752 -63153865490837944 2.2419607490147342e+30
89020467955197840 -70417836248850184 2.1388781995060571e+30
-30236772076081352 19982687969142944 3.1089167902602083e+30
58680081546672152 -98729826672009920 8.6318396644927642e+29
-27853684017284664 -11084295541315486 6.275062123419201e+29
-52706208458472944 -12092953574776328 3.1722846878838704e+30
-55551794092427896 -37255929264277192 1.4674939843214496e+30
43906547792024648 -21412220046467272 1.43723250414627e+30
1.1092542892840818e+17 62114305654930392 3.141343852071883e+30
95653730653658560 36040027333305816 1.6154272885924017e+30
-54920012011003888 -80297551310076448 2.4118719750042959e+30
17971460192231576 -2293388337107977 5.1921509725124564e+29
29699049249145204 54633734142114616 1.5990896618168542e+30
-38885288027735552 47752410660943232 9.0838026529236893e+29
22463128569080144 -763230714172865.38 2.680871579507616e+30
29404846383385700 248913436280527.97 2.5441837628144219e+30
69865472880495216 -71721631888677400 3.9303991965007358e+30
15187334301834016 35748604268735392 1.6111419391858812e+30
16275688693814212 27943227857659996 3.5247507583669226e+29
-1.1177390721522478e+17 32442636029696280 1.6210499474979168e+30
-5533015786893316 -55996510047893512 3.958314544541088e+30
-62844246928099456 47907278043403432 2.6219741290820733e+30
8760673761024858 -39356875916007640 2.2806366048830824e+29
14566742316047706 -29233099024587668 3.0397646981075359e+30
-24320116359414592 -7202351545653733 2.3682246608559844e+30
-60500670877011480 -11676414977391544 3.2677873962579453e+29
11434093585109436 -27996489077053444 3.0128290234995103e+29
-17622098541885006 23864113962366636 5.7885954148815715e+29
33346271243440032 -6753447465262569 2.2396136973123597e+30
250049677319749.12 -25658152845046912 3.7017990719370294e+30
-24035176851580820 -13878082039127878 2.1201165983108726e+30
-15867999353461344 -6333073667305036 3.8798161196608582e+30
31114907331309424 80419749516032576 3.268068888097017e+30
-13608839840567678 22959740554195436 1.4207345779161883e+29
13031236942989750 27042841439851344 1.233441864093879e+30
18806094078155528 -30163713629080232 2.9773998419094575e+29
52506212883597920 4776433433529925 1.6715960315256004e+30
13648543187722006 7418126981278375 1.3923677685468149e+30
38226932207607176 4657270149013656 3.8647174235812555e+30
-36778703483349760 11903382171640526 2.0841577335185782e+30
-58284103438805472 -3644587255876213 2.0632516599540232e+30
52105387306227120 1.0432125193797974e+17 1.4193575800271349e+30
-52383841774458648 87003830182744544 2.4859293273818348e+30
-24220860196141616 -16220482068048002 6.1549690941447713e+27
6161533484937259 15645196460385840 2.044988797958164e+30
1506353759352968.8 -18530023770331708 3.131286217713117e+30
12745020092728640 29102091583651616 3.8738219230090796e+30
44871019918604848 -13265101430934514 2.0617718302204011e+30
37734522311337384 -98865320468272976 1.6719023399768014e+30
53457479594781752 1.0181304152507016e+17 2.0720006890037676e+30
20709270621429292 -11915987131650922 3.8761124242406343e+30
96231949953661184 1.1238939604280822e+17 8.1998121879171887e+29
51458474766671712 87521720847529472 2.5587702767845025e+30
-1.1056271749437106e+17 41869046401064880 2.9599784757402063e+29
34140981737471884 -4263131961769584.5 1.2716536168925635e+30
-31870661715740360 1147329869013404 4.2094739652821643e+29
4201842650949326 40692695355303048 3.1673978367533335e+30
34969055553899924 -29578929079350880 3.8474536184911144e+30
-30942192839645916 5556325289660492 3.2991777364322246e+30
96208322566607536 -1.2518586489081474e+17 3.5789496897108761e+30
-27929681081431216 71810344172788208 1.2782515660091115e+30
-29339021443961960 2816609486176254.5 1.2629045536590435e+30
-44351667812858760 26886145797263500 2.3134366696590554e+30
21094682208075228 -93468174521135168 2.7368503410267959e+29
-76512239104542128 -1.0322525251683437e+17 2.2999075112772625e+30
40775537779260288 -25417116304845212 1.2976723723819312e+29
38503416135932264 -1.1070714777388853e+17 3.9315659886927651e+30
77674395441762640 39634729801374408 3.8431530041001673e+30
4650222072043269 20797881562807508 9.1486887792810111e+29
-13525670024583400 19829388442607632 2.927541351848491e+30
4672867222773226 -64407173134644056 1.2637736462040612e+29
940033264704274.62 25524398307208348 3.062986453195476e+30
-40766099659393016 -91761573443416864 3.1838175472432493e+30
-38007326208070576 -25470109900570960 2.7292633320220178e+30
10580485514722358 10608752073178176 1.6841709857695677e+30
-14663113344015256 -74036693025473008 3.9551708461373954e+30
-23511708699563036 25181658911592332 3.7118271789565511e+30
-25340767283992308 35156125816953580 3.9003869754195347e+30
-32349539700809032 -83633961758131328 1.4092768347846293e+30
-25140547449699164 -4654006802412874 2.4321820913348309e+30
-23167927886218012 -7975119921188975 3.4339313691912103e+30
-20130735175150960 31714945710725008 1.4237901868556689e+30
47718349843967104 62412089935952464 2.0988257627348708e+30
10816366660281354 -37227477793524424 2.8746245000923112e+30
29145080891686712 -884038970795823.25 1.5057585341957161e+29
-62091787450750816 -30056019156387052 2.5821776206271133e+30
-36482983330753512 -59897623456103920 2.6478213076954722e+30
13434710571485808 -15059499226054322 8.4579325356572253e+29
-20748846728140936 -7025032466904049 2.0201102067258506e+30
-19342665376660516 -2190475566514740.2 3.0247137656282539e+30
25628501347457700 -46771595827752128 2.5253265214534865e+30
13744710344252106 -1972108330521093.2 2.8063518310403247e+29
4577525429862136 -62258841138792232 2.104879042115861e+30
-22108370202215668 1478536237976684.5 2.1614425918178068e+30
96963447896204992 54192837581810264 8.0476243135188572e+29
16777354009711872 28167629400045204 3.3511454607714196e+30
-36625982898773176 74213623993285504 1.8026659735266249e+30
31083260087103988 -99669676855690000 3.6385101102752276e+30
6000027634357220 -11202286165669074 3.6520590980576266e+30
-58136142011895856 68576379970058424 3.2709993963706512e+30
7835079359371805 23083489023252724 3.266609192475556e+30
-809218010943732.62 -44494876003515888 1.4791167775752371e+30
-52174694736687536 -42381596829790344 3.490974598106057e+30
1.031759369642543e+17 89865990515864336 2.4428966427423992e+30
26264743493492212 12964460613443586 2.7449995523396719e+30
-54602446195853568 30903903235893448 2.2335323939604624e+30
-97970973657723520 18748926758960596 1.3751454645972827e+29
-7835817425569471 -78204782976992992 3.5906567093735275e+30
25046039644266420 -22525794175330368 1.7709833958857684e+30
21339132490080260 74610645220051648 7.0975598755831251e+29
10053212173016644 54662808935766232 2.0252381229561405e+30
31135752468134540 -26337199412920868 3.3184385799938637e+30
79434314698199696 8745932908477967 1.2656413184241882e+29
-14656302817963966 45647122339412824 2.1771377934721958e+30
19731585145205188 29300538174380324 3.206230054363914e+27
41616848833654464 -19294962821955380 1.647172287247221e+30
13279755682259772 -28770638217879676 3.7875989499058645e+30
12327115133361760 25905623469123892 3.8214113040379452e+30
-14923893988696030 -16602216717544772 2.0482982776956377e+30
-18060071161990580 23742202927429420 7.2767022059346948e+29
97353465738936352 -74395911624135904 9.1191217415271776e+28
18635020731224156 28920280726193872 2.3946605199103717e+30
86625418789113072 34452522660469536 2.8282276342173812e+30
-28785575688695552 13318590459757706 1.3889568550294555e+30
41041772435259720 -1.037866802320089e+17 1.2117683963587428e+30
19042862101523672 -33597530335428056 3.6683280705486956e+30
-14958108507937496 -31287745809830836 1.7406342154960704e+30
73457138677288288 -48896612116365272 3.8183346570035446e+30
-71310959255481400 -11147407151065320 2.5438416632743356e+30
7956963738803666 -26237784231423528 3.0739513628069543e+30
-17486658047537526 -4458563322045368 2.5860437816521598e+30
-29500768690790260 15422879557558066 1.4671480213497646e+30
99707400300153696 -1.0108203112250371e+17 3.2339794121053221e+30
4022476444854102.5 59933951567009416 3.914496611110559e+30
-50319170698478328 -10502568733485018 3.7373003419385106e+30
74748357454209216 -62756892113924680 2.5595184051658297e+30
69457558883415144 48519112479185840 2.7975473412302855e+30
-24993816640327424 -28172127511114104 1.9953734310389326e+30
76476190814975216 63760831231297736 1.3752456013120097e+30
-8852986232608357 -13567988851693544 2.6917298723623868e+30
22457225571513076 -15163144169549848 2.1750278256160609e+30
-83175461277252576 -9255498303601560 2.3015193138971566e+30
96278077164686960 56849905801171576 1.9072059086859901e+30
16260505687491860 -5214831351494146 2.2784942883645934e+30
-51179281928707176 -9338126782054894 1.2243721958705637e+30
-41368459816501144 12358801156018914 2.2677374195140507e+30
-15442618334534360 831170293307204.38 1.0951110809807079e+30
63203307043989152 -97989814077029424 1.9641269029079851e+30
-8286180465358014 -21460437039366984 2.9375077626706731e+30
48753587551230672 -9490587973663656 1.8880091500737975e+30
0 0 1.98892e+36
