-40588130504934232 -5828893789210111 3.3434625127839151e+29
22826561667427836 58329165803203280 1.6114599013805767e+30
74271298300566992 -85212031523296160 1.56110313395621e+30
9366647994147638 -8122172105178959 3.3707118647737196e+30
-31057592433200616 -3464952513347861.5 1.2744176831646663e+30
-23496422958519092 -12492324832360868 1.3312151051353965e+29
40814359556958336 46895180738679560 5.1632935504083813e+29
37444290602498792 66946684624802776 6.8718706686648535e+29
-12316978584805770 -32030594441246124 8.3003782426043142e+29
-19401977158266224 -4813667770140576 1.5382729059441618e+30
-64239224062345952 50203644338195848 3.5093809041848188e+30
-59095978499308928 12087565895768884 3.5698250714414773e+30
-26100177744801648 24423893032861372 1.9439982291686835e+30
44507767879367088 30351212775634488 3.205609726349172e+30
18205479084994692 -30100859620141272 2.3343273255953681e+30
-6041231206161476 16864935822754752 3.0525567126222907e+30
-79081240170723056 25604614623596232 9.1629387486147818e+29
5196603529018149 43190071007596296 5.5796796534617301e+29
-93489028889772480 -64147381910041408 1.0108517672061319e+30
0 0 1.98892e+36