15392251257836848 27527932704926096 3.1773434759895221e+30
-70222022204640816 29883804322674804 3.1034636704401672e+30
31294962285410912 -78840442839706512 1.8682608876559242e+30
-13805994677620946 22446523771675180 9.0981045740662791e+29
8871870776396074 62254530479183256 2.0075222480138673e+30
2842902239362291.5 -25935146415201928 1.8113174377230111e+30
-12876589730897366 4042420990016849.5 2.5140624373156796e+30
-23755376494983596 -55246565759592368 8.1266165365888193e+28
-39291578628896872 -67159194371165624 1.9463107006430138e+30
14590386084828012 -60356983344084312 2.4995133484669212e+30
-30256221050000792 -77200898531302832 4.6927244755851592e+29
34621269568534232 -4220231533743631.5 4.6336115713225208e+29
-3280392077094414 -18398305457373176 3.0301743637634275e+30
67286438656526176 -18806246166010084 2.7915289272375804e+30
-23955850788696564 -11357696304641214 3.0692275399402656e+29
-9419106714641672 55260808378426688 3.3504566039369987e+29
-48104981008463232 18165276763350688 2.1420950750793768e+30
49694355833081832 -29050182043143852 4.4587804345897269e+29
-22134665027404876 -9560402672628584 1.6334964252791085e+30
-1513104495016185.2 -19107201851824840 2.5484136981103582e+30
24230987944415068 18530636567361348 2.6831091604224726e+30
-52602411477309992 71719688417759216 3.2980168007269519e+30
-7309351277114014 -85450184339793856 1.0893148320924027e+30
-1505728505023851 -17168795524920032 2.0749456696537291e+30
6076876347477377 48232878766254408 3.1107789144718339e+30
-5038997138279533 16129960049673854 1.6767599733364525e+30
8862089241428131 -8600448524068023 2.3735178181403979e+29
43392340850543976 -28793765779405944 3.6020947464213227e+29
1884396220983209 -22396086941876084 2.4896081673491748e+30
13989153063184646 26818728976141636 3.2530982612173065e+30
12699234142243514 -18643662177516228 2.4356025134727862e+30
14437927981598360 65429435744697016 1.5093896881298689e+29
-13785690230476132 57208062847423888 1.9179935499203945e+30
-12648684901637676 -23560861672756400 3.0091656840226498e+30
19448929650466504 2902613587487735 1.0902911328563756e+30
74453257497396000 -57767027985329560 3.658251260171867e+30
-57827720080406096 -65369957296947448 9.9301642432107568e+29
-85590815597920064 40199822872391192 6.864441080437207e+29
-5272514731689418 12247200431166498 3.2489661637309106e+30
23654836524821432 -17839712222007596 2.7157200700622769e+30
-25081586508211320 -17782709595043490 8.9252543129845308e+29
-63034870754446840 -10081285299668270 3.1444760896927275e+30
-21114492591352444 -7663604991796707 2.5695502607995129e+30
32452952979573172 -5822664131218306 1.8598566053598714e+29
21425989513005932 38897146444500408 1.8364718953565381e+30
17705188458012630 -39313330779566720 1.0840798112088608e+30
9585877972644842 -7912477358435902 3.3823735401293306e+30
-77019432735055536 -36158887669884096 1.0669904802710796e+30
-39502760369584312 15720373523020830 1.7614265719867441e+30
-6710455704441939 29752532282751388 3.0105274795380237e+30
21326037901190996 54479189926386424 3.0403705981236061e+30
-24430930666287860 -69461121893321152 1.9395661529819259e+30
6986235057952747 -13330709729461606 7.2378397797715075e+29
16245450965979716 24018541464591512 2.6811356378690197e+29
-21306936353570684 374186253770877.62 2.1702732759153946e+30
15837506418504120 -51359198720378904 9.681274164665545e+29
24130983463489016 22979723985936508 3.1138097360117812e+30
46953431494886496 -97025250918732416 7.2860207406215662e+29
78636921618748336 -58193950902229216 9.7066630624060421e+28
-48448783321992696 33296759465214056 1.3681137288399112e+30
-18143446955089684 34501446017541104 2.6751730279890941e+30
5841332613858512 21679079616150240 3.1734465120394397e+30
-8747548131411978 -21709904498923548 2.270080366269818e+29
39045069103391920 82297568075598960 3.4056518585302749e+30
-1.0134774003789275e+17 -62456566364833184 1.8628875958906452e+30
-39310495520523912 -83932428706588880 4.7173633603655714e+29
-31113797937285556 -3289128563829809 1.3698759769511558e+30
1153194004078476 43605102775577648 2.2810374376434406e+30
13527180158837994 -23714304775352836 2.5016445703106653e+30
-67969894211598616 3754375152358341 3.1311689956542826e+30
-15057352191476582 1331710212355121.2 1.5119914974666811e+30
15073287900402894 -29395579664453204 1.3775189635400944e+30
26792216432137484 13938834250842110 2.0452357452290426e+30
-5696310513173379 -19954200290138548 2.1723758540133864e+30
32246523145907128 40287858847276840 1.0857185100008836e+30
11163731416307236 25222541657313188 6.5854930892969452e+27
-23716786692146064 52390288598395800 2.4767187430532803e+30
27065743535035292 15892688917622904 9.0361803422606402e+28
-15592261965630940 -71033395110276176 2.9024514713416832e+30
-1258831053354281.5 35673946174234496 2.7918638947051191e+30
94678113161244800 72891238822372112 1.2808804487077636e+30
-29528898793966660 25064502229702244 7.6943246941314351e+29
-39934985968418656 15202552511128744 4.037194613082955e+29
-11979833552022156 -67375835135070960 2.691434180841295e+30
19429207288251020 -30197413637400208 1.6851452299676342e+30
-17299568190549912 -35688439570383428 2.7607233757600948e+30
24424511502726800 65202548209503176 3.3734126667551969e+30
10950521327481684 1327158330289299 2.2219301213162047e+30
16834317466315938 -5998866675354887 1.7627981631352814e+30
-66143788716608840 -46030495061355600 1.4576974264338301e+30
-7630988502006229 38931981875461088 1.6019075620399729e+29
-11807306830700838 -78553466839063488 2.9048258240506676e+30
-6506237317614090 -24084291754022220 3.100235191791917e+30
-19168114296514196 -2409728511000999 1.0521211665446879e+29
25976996602158068 30102728383775852 3.2364913688952391e+30
-34432220209917824 41659259694507712 3.7936605007861642e+30
90997332566973936 -79983801722709184 2.0650347560041949e+30
17240930261420526 -260088991746577.66 2.3662032166255158e+29
-5149252674558714 -50364302576561064 3.6375767468668485e+29
30882450075267928 13474057326893718 2.8024392366881649e+30
-10407653224464096 -72282768709053744 3.9222446549243745e+30
-6756025141354561 12299624416949776 3.4018673995790324e+30
-89063820251321648 88216121364265168 6.8020139973242846e+29
6550286121990706 30076964722252984 2.7771638537551021e+29
19675153766186008 9103475227414180 1.0165108944151196e+30
-1968389179342982.8 38266458321344000 5.9485918492195881e+29
-3902694949385272 49115129813578072 3.1886161033686182e+30
6854459157385462 5715054688023193 2.9648106361007053e+30
99942012308637840 -1.1085931233254262e+17 5.3959038940362731e+28
20699576028190280 4853993144853401 1.1368959869713532e+30
82922612342608496 71506049131888448 1.6120877582211623e+30
61236442763835792 -28370219772307576 3.9181195380809114e+30
18609507931260152 -5768933446930891 7.7081706317737062e+29
-69774042116220256 77563045136529856 1.4793226622234165e+30
24270931670628612 -1433355325139696 3.9532486676841974e+30
46506713742773856 -38249483542756144 1.0335446787258904e+30
22674716150206252 -23387125897953532 1.9718777543647758e+30
28808714553656600 18338018684986364 1.8596159498136271e+30
-1.1491423252186779e+17 55422388506021664 2.6756361525753922e+30
-43149679442353648 25083780939507348 2.0806403333325342e+30
14464324994959964 -8807607270347188 3.1054170951173861e+30
90234498129995392 -62123569768458776 7.7185190446284462e+29
629685109028029.25 17595453214952090 2.284219278061748e+30
-28194528206280552 -57373576943758448 2.9722686433580838e+30
-19983301440260236 31971654720263100 1.5008788895626055e+30
84641161340407696 60589074048352472 1.7465184222844888e+30
-10259673322305302 32512141123669316 4.6542523810158559e+27
-48260603562591584 -83050961873638240 6.0468968064493624e+29
71618362068150408 -43123894960320456 3.4634177692875674e+30
-11538710595244686 50117659176412376 3.4155987831279113e+30
44648761659695688 -20106242474046636 2.8361536541019815e+30
29563272082558536 15147725346107286 4.0339369595951998e+29
21009788944081100 29674608478771840 1.9770217568764387e+30
-31942833499727128 -18507044169338336 2.1930725648433795e+30
14581495593359836 -46635196551990736 3.6622107483253647e+30
-9808327701682240 7558834828471336 2.4779401518909908e+30
-19232825816587252 28927165906408636 2.5392689408719936e+30
96110473241032560 30014194977263940 3.3893476029742558e+30
-22057599177217976 1407452199343623.5 2.4467719875490959e+30
38002797799155072 -19646848957029392 1.3717197995386329e+30
2394883734576597.5 9994760730141636 1.3105933132918495e+30
23242912252684640 -92058707460116848 1.8804581228279248e+30
68204446193167640 1.0674162138092029e+17 1.8580377986546494e+30
-47389786479912544 -74611231554958384 2.7164730779230712e+30
71260794852061584 -43310043923360904 3.1793884313432828e+30
-11035989249633846 -42454293406730920 1.0229291570755134e+30
82523807466251680 14169808640231640 8.4869993284812422e+29
14857993493636592 71231275469445000 3.2791794693382341e+30
27596900178449608 14962618395015250 3.1531719969036719e+30
1358418652050536.2 -18888439521467804 1.5961079319839073e+30
-16020616665025226 -59626162562099496 3.4184127275820603e+30
2709466205232702.5 -25467160806110056 2.9207187017265482e+30
-28868992133828892 13538356289739716 2.9106222255827891e+30
89544817466262176 -54613247461838376 5.2952686896925711e+29
7584941856577217 -59653910777656480 2.4735796676576612e+30
83898323712127568 24086002860928116 1.9882150916993551e+30
-3010431676327215.5 14575104088309930 3.4814909208354863e+30
-19922447924164192 -25969809933032528 3.6926037965523354e+30
-19903999937808508 -25239814357389136 3.7349733510618928e+30
-92076107778035952 68646888996576064 3.2476136509059108e+30
-70618594999663168 35942749331497144 3.2859445523033614e+30
11303391294023264 925583584771272.38 9.5368156455872167e+29
8926289307276800 3555703848995701 3.1274332437029491e+30
264308537586795.91 -15872347998763076 3.425209960492093e+30
-20716855182518784 23395896952701052 2.8999553058972413e+30
-1.0961347936676906e+17 99275589286853024 2.9200978200339676e+30
-13082871929027994 21371286118075852 1.4695606852019664e+30
-82779423568358496 19814581993636580 3.0950900113889875e+30
31007568891572984 -1.0374998427435442e+17 3.6202595682475909e+30
-22312151883968852 -7496231315945124 2.6634274394976312e+30
7114479534162027 18134601666201104 1.4485296944707543e+30
-26589213120983680 -4144611020591679.5 3.5979260424202749e+30
-51098673559142952 309491391727001.06 1.4181687915937599e+29
-1934583956781157.2 -54402002849069600 8.346742628138415e+29
-1995708880925173.8 -52225230465335112 2.9642476006541738e+30
-23274140260115264 3157046927540874.5 2.8618729045933693e+30
-27654704768398576 28800567809334212 1.311614204857392e+30
2188306823828355.2 -22609108526604976 2.2798698406392526e+30
-5738810729507770 -28290756555363460 1.006965397568317e+30
83936682641956688 15363311035568268 1.2122807738573134e+30
-35507623335411360 -45047236335822984 5.52516557701779e+29
-19114772980710544 178737646478162.06 3.404892557592869e+30
-5826278749666590 33476139754738528 2.5626384510541476e+30
19249717404023256 2651576833491788.5 1.9630472436765198e+30
-19457803892760856 33593179399736624 1.1149379734346846e+30
-11972267585309978 20742028773080592 1.8136142625723508e+30
-1.2923609429580101e+17 76697740653619968 1.7413766119216845e+30
88110602074165936 -1.0914706197126598e+17 2.0883245755048176e+30
17138531821914316 10559358991621204 4.3562127316946109e+28
2583593458513129.5 -22883053965064036 2.248535654400894e+30
4912409105971213 -58117073749089104 1.2015928413849642e+30
43546009354199248 -8766038688772340 3.1880118288235288e+30
-35721820794273292 -59625355962597944 1.0952495087869892e+30
11794784996334470 14730647159388756 2.6761641681374972e+30
-12566732106689156 -56290222917116304 1.5640860907585358e+29
56617480565524632 24188463544344604 7.7507353741298961e+29
31243655137876492 87988121480868512 1.3442622331166857e+30
20237455066251336 3913692224152423 2.8234701046786094e+30
-4273934860028036 15361367279581922 1.0362923316490976e+29
0 0 1.98892e+36
