-33229735688301012 33314397388136408 2.8143454729909495e+30
56940713786507456 -36775722215751784 3.0193565784814619e+30
26784441348598048 5005821641193387 2.5791359342471187e+30
36216016980788296 -807720733373520.75 3.3039252730964588e+30
-26434012562228532 -68443356219538208 3.8995083703728439e+29
-1.0990034490383325e+17 33610966908205948 3.5019984903238214e+30
19362663792660832 -30195471718927528 2.4662810887893065e+30
8986267413710511 20959557976221700 1.9826812822107776e+30
-1054883998379259.1 31947726298193732 1.1820383256178358e+30
4781399384861730 -24340396173257128 2.6196995462174901e+30
33570481373015988 3725023834890108 2.2416163071103756e+30
64175404843271184 850257978189201.38 2.7516178169010437e+30
-33127850102559352 -8767510747556880 1.1779771923866926e+30
23852843651950832 8985848972492444 1.0087679029140266e+30
1607068478538437.5 10702437010340406 2.6857078147972994e+30
33767107846080060 29350656541523184 1.0620644423892131e+30
61476531763434248 1.0052765224579624e+17 6.6452219580242187e+29
-1969189640273963.2 -33405803451866712 1.4096608829693109e+30
20996619331882956 -12414641776537958 6.8873985697704601e+29
45396665457185528 2383051641519217 3.7841472290229989e+30
-51792178846645464 -10186658356733606 2.8426675642753821e+30
4339510404390512.5 36045098307290464 1.2507750299480092e+30
-53338709855998424 -8465412408726538 9.2759400745956381e+28
25522039427377000 30160544413311044 1.1844985161502788e+30
15761857355280056 -1493965525799812 4.3114038142250989e+28
-27352474880839592 52245820241894160 3.8261915026770147e+28
21650827056126692 46207348639130640 2.2649783964928665e+29
-23651832213414104 3721725864125534 3.3836082331003693e+30
-1.288464848554341e+17 84403534705017808 4.7096553214714568e+29
46243740854741728 -20383044048353724 3.0585821402275036e+30
-8884465207493913 -21782783975758020 5.978801296190068e+29
50928024902334632 7154436408995215 2.2069014595105258e+30
57989237126970800 41458124078294056 2.6386454843515481e+30
48344792315235416 -22930571587114900 3.6204198490508096e+30
-5799263596471793 -20017364897727908 7.4609679266269282e+29
44207113129998592 17018937245773220 1.9419920869110698e+30
-15335842531262596 -6930397444104817 2.4920755895010158e+30
69531534393124808 -55573084645676704 5.6978088487223987e+29
-50635032022583768 -16898801956526742 4.4593358273872774e+29
-48437533723405984 70565756322048504 1.7267075788615823e+30
52686482907285712 -13960643395047204 1.8420103932162636e+30
-19107261064395.164 18720716738937460 5.9587475307092288e+29
-52490917139461928 -33400688962715940 2.4031471303259036e+30
-26242336196789552 5200798860570210 1.61815040335459e+30
619537372022873.75 -21484553983408536 1.306027834712964e+30
-90221349795369648 48372962617734488 1.1148494006165313e+30
62667109108637592 45113906015231872 2.1468065367086861e+30
-40969804146024496 30978668126859148 1.3270047858281065e+30
41034291729413384 -87952688445652656 1.5835077628260344e+29
1620278405008006.2 45750534110954312 3.3213386437891096e+30
-1854517405693348.8 41257946286100432 3.5863270402692924e+30
22524436582866660 -97244870964415664 3.2494537091082905e+29
16990051926436320 -48990564962271344 1.0685172486654732e+30
-55264740801351776 -33752493002985432 2.9843577370634473e+30
-10775678784802416 -11713097847786038 3.7110141046501265e+30
-36903316345632152 -67415802331555248 7.2309057799241508e+29
11135429129470286 1117236996086500.5 9.9780504315932454e+29
17410240978545050 409854502930477.5 3.2083849768053391e+30
66558328588862216 -32495345880212376 4.2234316533897505e+29
-1.0348645770799442e+17 -58640625813900416 2.3174082750444731e+30
14302000927691060 -3106930055762370.5 2.8636152311044136e+30
-74783056475862160 21517692951491436 1.5823953635780421e+30
49577611963170312 -30689460286136164 2.4275319735892692e+30
-76548116040900.438 -32379067959894120 3.5833519540362733e+30
42026557614965816 -22333346709159564 2.6635779991682936e+30
17672070171761198 -42351285254154512 3.7177251663362976e+30
16856512191341476 5715967736651607 2.4999292876967118e+30
21851158524382100 68349166636209920 5.0081915041699803e+29
46452543205779752 89473297435051776 2.9603058761357944e+30
95273882278668816 -89806643167735872 1.9013413761639109e+30
12178333696451732 -5343102473207484 2.7735391643167906e+30
9561365971575400 31313385860483432 2.2797759016592888e+30
51356670302452184 -34695292657201256 1.6516714374211122e+30
-3203441544061309.5 -54620136665356952 3.5758515987947474e+30
-31967195430468012 -55700382190232152 9.2058657556163722e+29
5069234006069077 21111423925789968 3.1242799731679129e+30
54339533648569896 20826441954367024 2.1131423260205141e+30
57165399589744032 25384580796985332 3.4527517172868021e+30
14820687507907538 70828210614540880 1.9747236406703739e+29
38595079744235448 -30244021981945300 2.8256444538961648e+29
47813176753914976 -25037794861137100 2.0334888890751207e+30
2181667555248259 25629643938000084 1.8844871811908458e+30
-18679859790975912 -4629298487515272 3.4002838370846094e+30
26242343995945360 12924130453206228 1.102521714201661e+30
-82184501931044880 -18826350255432528 3.3888533066645439e+30
14341317893265762 -2715136342045692 4.2206246304147648e+28
14718912036419984 -50416870841156552 2.722972632589733e+29
-39735606650534192 26552106074415404 1.2508125985756146e+30
-6151381516351151 -71663342631645064 2.0407202914050141e+30
14800911166104434 -21290027291539548 1.7199664366385965e+30
24736213314350112 -21089320581318716 9.6563219442170173e+29
-36717165030291104 19952340046965644 1.0190953072006434e+30
4384080187472623 17758439058998096 6.2322036040639398e+29
-2938053990550448 -30162216526450920 2.033270909812863e+30
-7573896816851651 9937338135667500 2.195783208845855e+30
-25977444667995680 23575944908211864 3.738976460356926e+30
-15426453684417314 22585507246370904 3.7422980499790642e+30
-27280233214578104 -12815433454551858 2.2929712771739399e+30
-11187104219350500 -26061429312591736 3.8038171374274769e+30
11016628555398164 37137438964638792 1.218784257632849e+30
28146170270372856 16728541751708882 2.3566938953128154e+30
3361478738360208 -13439379435109682 1.9565074928054131e+29
-12734782974868862 -11025607635223954 2.8652795083136179e+30
-11987314334077020 22726028200722952 3.7917659598065059e+30
5113527147517056 -11970906522676822 1.0696915368716248e+30
-64380267190002392 -31807252345731472 1.6862522781245763e+30
29335381746467012 -83891060539257856 9.103812508336053e+29
-22290499112451892 -51875625991377336 2.753202375315946e+30
-12804882453694682 -34637286515448504 2.5912961436373497e+30
58871609383280616 31596054662611196 2.438829318409896e+30
-99478736153616864 57273173508493536 1.5800445864554236e+30
29048090723655292 52781932586562672 3.7316062943919467e+30
62803475519845328 -50466653062352840 6.8100200021261417e+29
72167670081303952 -60316704736514144 1.935490217616656e+30
-7778892592824663 20319014724897716 2.0660841264676142e+30
-10896821681820474 46491204362665248 2.6366601442211018e+30
-33185900684061052 -35141564037317752 9.1254608324535857e+29
189025180603950.47 11941347953355772 7.7408897122071205e+29
1504795716919419 -19033142920826264 2.3812933606404973e+30
-16892129987928324 -24915677091219636 3.5823678910111256e+30
8208456461778857 23336477668710864 7.8093589938967672e+28
-44521230474865648 20981203538440968 8.4170642224315683e+29
26856119560620000 55258438561587536 2.1660529506392312e+30
-9337100173805308 -61893346771497208 2.6809401954653686e+29
13813375139601604 -68969731374089896 1.150442683696169e+30
-23901169234245972 25214985465496828 7.883070997396389e+28
-95869282265826960 -48018845625765784 1.8346860264852931e+30
-48867203365078192 86474586809323072 3.9135794107747858e+30
1.2734066243972291e+17 93120121047688432 3.3887999399823333e+30
-71674074851128992 -21143930677603244 3.1896778817191274e+30
18268892331216476 -33790075181633896 1.0979260805853553e+30
-64492417507323296 4000003088605651 2.8400884968861537e+30
32144402160536252 -43759982958849696 3.0101635239344732e+30
45991226457321224 2136231179690257 2.1111582626900593e+30
29369745543982972 19949211565898788 3.5871242988221241e+30
-10372579392870300 -29503106209140164 1.4655501415512319e+30
-76009770255397280 66536244264439184 2.5348642462634569e+30
2775096261046704.5 -23525172678754640 1.0617326971747876e+30
-29440112896126088 33792241817470500 3.571926591322443e+30
-13662530798781920 21686379464736024 2.545900362545197e+30
6726971869365953 22313954092225816 2.5023360993428845e+30
65036327030396256 -23873357501311468 2.0459783718656062e+30
-1247139946184128.5 15980087213842634 1.3682252305710163e+30
-24843696971782960 -32650040773719112 2.3825859529545512e+30
90725309387503824 -61710779396359456 7.8681079638932466e+29
10963065165591380 -56751870715013704 3.8809088273197734e+30
-57235755163143848 -30670057675802856 9.6912988673370687e+29
-10750007836300828 -22720733451745928 1.1155543456603791e+30
43744859125258784 19890554468322424 1.6338977101617839e+30
-93865855109649824 15575771336381384 2.2045297405968862e+29
64335379361857832 -8910346965041082 1.567979037795253e+30
-4825372906156632 -52002073078915824 3.6560380578032098e+30
54873134805720544 -31078596113218304 1.1142971139784091e+30
45446964043994616 83739378987905232 8.0600460628066115e+29
-9178517657686160 30350138805460744 1.9927708475552329e+29
2139651783225584 20694644792286160 3.5002798187565536e+30
3788731823963560 71727048882452304 3.3665718072087002e+30
-77952522985152336 -25136743523905624 3.0822155986726532e+30
24661846042807920 22930865774274140 5.2941421375500456e+29
-23138959447407744 39474659797426920 6.8828461739268974e+29
16859193381842498 -63455508118964848 1.2392316171692688e+30
51773393882257056 -10707313973336040 3.0012618383313295e+30
-22105829055074352 -51709882365128328 1.5081141754514883e+30
-50427117971286928 11398176900645836 3.5095119184009155e+30
5005494131563966 -12063392003211320 2.1170575335789271e+30
-8827821035732680 -25991477699497760 3.9039226192139102e+30
-64398213561046984 -19704776751150348 1.9196666658828632e+30
-6700480510644668 -27276256460186488 2.361433039589298e+30
-13810223677649242 59755736486665096 2.6897471493426713e+30
31728297668772804 2967353535719905.5 1.5559888608819704e+30
17242328424250594 211630430078237.28 1.8729958900496988e+30
3852645236084215 8647966178998285 2.4990793488137891e+30
-1384363795613084 -23850493235751204 3.8588395636045403e+30
-1.0167158225341456e+17 41634412507629024 1.7162643203015171e+30
-20358579958662340 -887395378773364.38 1.5428421032341612e+30
22723224644446116 -15714229270590906 1.6809865153983452e+30
-15696147329536044 -6526952886291400 1.0942774799316991e+30
-12661246810899090 10496069885882342 1.6370599690894223e+30
-33422850957563744 59973142357379232 1.3183581565756789e+30
-15669604619054132 532901951829980.31 2.413789167083921e+30
26703335690582872 1697243969030312.5 3.2506888513735923e+30
-7678783215342118 -21123051635035328 6.8018505576546021e+29
-21806978816826144 27348349411347708 2.5363789029208602e+30
73296633553861664 -27521391408540984 1.3303746379369677e+30
5496286374666610 -77824942397277760 2.956776652439527e+30
30000711109450912 22500916156516408 3.1465419100462777e+30
-513737787811623.44 16620544179467334 1.5789906460808961e+30
-32660603450458096 35904988838590812 2.0307386827517562e+30
-30780512077113840 -39499115019598792 1.6632204706044814e+29
99429478522982592 -79456613203278000 4.7374134864306594e+29
90129087027604416 1.192691081673177e+17 6.0839696896897982e+29
-32081478771038.988 -66653755794192048 1.2774305230626063e+30
-48268904896380032 20244644250236660 7.3827885808123631e+29
22327048417285120 -81314021923906160 1.4341825090166629e+30
39491973691314224 -28434787886334948 2.5099141570675875e+30
15196773854502662 615426865940789.62 3.0130063423453224e+30
36659886947141000 -12509366618293128 1.6880482210800948e+30
16781307853567734 37449665382175744 2.113834386908711e+30
19960574709790040 3555413424003694 2.2007641979880066e+30
12794496184976908 -45179728342717464 8.8658402065667031e+29
-23274709122787652 1609336349861508.8 2.8545966757560289e+30
-11358316696806402 -11133083919120430 1.5834521189427993e+30
-19716739648702056 -32014545191487580 3.5366579579968623e+30
-63356851598588344 93176001399937136 2.8790023706009235e+30
-96772283670665584 20935967090505544 2.9107692448705219e+30
-72265134298312416 93291523098557504 3.5357048725202828e+30
-49475403744787392 -38095523085270480 2.4936263059227577e+30
-22420302667436404 -10129194635113294 2.9961179127486746e+30
18849977865488392 -870031505252095 3.2846989920638748e+30
-1204008323081726.2 42639353747744536 3.8090677493485918e+30
-46033591986630672 -82418082337901840 1.1729057991525775e+30
-26519912524248692 8470741663500448 3.6181666038119744e+30
25789637204959712 12125278332854152 7.4923015993464238e+29
36987060392970008 50692261383474544 3.9328820394851235e+29
-23675398433857652 3757331063713380.5 3.0343426284843436e+30
39182864013692504 8069702693330088 2.2791865269428498e+30
-60588926927378000 -89075307621735840 8.1749651476825028e+29
-3703034639985090 15116028327992544 1.9187357662275474e+30
3709907865482654.5 32276246336032480 2.9854589330143608e+30
70423149634667432 8737036104577447 3.5447206037409052e+30
-26794921894975324 27204032146701640 2.782876687556007e+30
33167359079499828 9080108291846850 2.922288546564316e+30
31758511795690236 -48498964603123568 3.0086764711429097e+30
-27924085393344388 -5397824271141220 1.3454445479787365e+30
-5101874463613689 -16939861176550610 3.0819988125722484e+30
-2567444617288007 -17912965216278278 2.6979054963348128e+30
-29282985114903668 73857501081137520 8.5844379756346761e+29
42503359718845672 -29542656688484700 7.9773190716920824e+29
92369708555387984 44457143958216408 3.4282625501766384e+30
-25633636943633412 -68559566385472544 3.5909259901906332e+30
11623795069487264 557384304816984.56 6.372930185558101e+29
-32061176422823824 39843174861642880 1.202293909578953e+30
19257718055586808 -9546911491722624 3.600438420529462e+30
-1.0291472175596821e+17 99305674448926976 3.5198113884878177e+30
7435845295399601 -72040965095498904 2.1664195691652732e+30
-26087268208795228 25125390534242220 5.1403911698980804e+29
29092039431394236 19112215847379908 3.7591406089076234e+30
-23303713292553008 -70303308059014440 3.1367561775198258e+29
-15425694885726066 -16171967408975038 3.5490259364060487e+30
-17382501723810210 56365719920721520 5.8169894589944808e+29
-24287596211496632 47763062174706624 2.0421428232333509e+30
1959071617277598.8 -25093547101106560 1.4816411086445438e+30
35163955656926108 5918951725151643 9.0104305651285578e+29
93069280936369392 -68403963130932264 2.4873955035456253e+30
-36393652537529584 67811460831655472 2.082591710581379e+30
-33073627032113512 54209088636622120 3.5105295468204381e+30
-21072151451182832 -7714411744324944 1.3150161772699857e+29
59320260905487304 -1.2495093343474203e+17 7.7791441037071699e+29
626272022594143.25 17592585664572820 3.8598764504660624e+30
1791473075615831.8 -27246332636623708 1.0196395030960427e+30
72783819073449968 34395128114771216 2.5766211862990137e+30
-89967927723553584 1444147963712389.8 6.41531987417982e+29
16724192447442848 -59319754214990688 3.6487117962876807e+30
21651940185980880 -11068939481994840 3.4736336486491617e+30
38492517054230504 -19590904706172008 2.3185370094981518e+30
9295562288356630 3158304667722828.5 1.8180678480039103e+30
-38741312970875816 19850538564355532 1.4807528445620182e+30
75379796671000832 41621582233434136 1.7027572616123979e+30
23256417621087480 2674460933008921 1.4756758771346855e+29
30786487216485036 18768179676963344 2.7042728916018121e+30
37797669914875264 5175527341563394 1.757104005052009e+30
-26213517398021584 -44715912774345136 3.2448085403482222e+30
31961893988016124 59439611171538888 1.4692666050954691e+30
-17364882830317284 59244409981556704 1.2812608746616542e+30
24332264779458800 11055275424911540 2.90647892499914e+30
6715339852824358 -25526631531194804 5.5522613128316936e+29
45936657974331736 1826414529339229 9.6240240172315653e+29
17552083506749110 -6460158977359370 2.038751892398538e+30
73769173928428592 1.1393053384048518e+17 1.0973726129894398e+30
-16143522536854364 -98255605117495.75 2.645658215572136e+30
-13800414555527896 -8605420431040947 2.2653243367709825e+30
-15874668809561102 31960027938280848 3.1394346933572871e+30
-1.1508138709086872e+17 66625235138472992 3.2934373602240761e+30
7076619475183101 -14337397233309490 8.924943078151999e+29
5532026490630208 10062957582757852 2.2792669601399932e+30
22724035983434440 -73406944505583584 1.16687276135393e+30
-2884756686635600.5 25932128256128776 3.0259271411009347e+30
-90478682129544464 29900203059913320 5.6474983129652666e+29
-49618315347954584 17004763589220116 3.205813589829422e+30
50998032948893616 93948668942667248 2.3495766362949257e+30
-88139186720882704 97554363232267552 5.7155784682249455e+28
16140293254702268 -1064957818067284.9 2.793623511649248e+30
-56942184386086624 -15339523728288228 3.7500231532519449e+30
-33460904896364276 -46054981903821216 3.3979105928229145e+29
8164203427468785 -57925055258577088 5.9455690596443208e+29
53792606976885360 -97622708350114000 3.1015982085819154e+30
23147191753186424 -6939506301723343 1.9639406467764346e+30
-27883706528054164 21017564379302840 1.7779829602188671e+30
-26873527251764240 36662129630183112 1.5868147046103616e+30
20511370351495312 29538245411161092 1.5596722280151862e+30
54907893185469664 6888770238558656 1.9393214222680242e+30
-18178631728133992 53107020405250488 2.1512750879080468e+30
53544367979384328 91156680919039344 3.9103741645368411e+30
32610140925955660 -790916003822168.25 5.7370001081154312e+29
3492881098849953 -85087657137549264 3.7289221960382855e+30
20631570419432280 32254864326722096 5.9147555407409573e+29
1131321893398924.8 63784635360150184 1.9548075103119891e+30
-24427619303716960 -15044260755640310 2.1089130697294422e+30
-38248874055281736 -66823767873318344 1.9226380548084093e+30
-41081644362363912 2769955984762238 1.7932476696334769e+30
85618838809113520 77922095163862736 2.5335396151172828e+30
-4202926500938166.5 -70185328392682856 3.4172000714310736e+30
-36498734001721040 -31732989194674420 3.1589124072955957e+30
80233280309048208 -48833403037044968 3.9111592002398977e+30
8390808483721553 -23205461363529556 2.9992182428396232e+30
-6321579768110761 17066548732339042 2.0116812935551566e+30
72672441096907968 -28473961319342756 3.1386932018667583e+30
1.0260062821161309e+17 80424327393258640 1.745478373614074e+30
-48274078913053736 -20255787414344404 2.45564667749531e+30
18327529779213860 -30115873752615836 2.9886553618406326e+30
-31377119958683812 -48721667827340816 5.884051622899281e+29
-31916559718336288 14122364394297606 3.6622639129093978e+30
7078786563897700 29533143854837884 4.3390286834959307e+29
56368275020498912 72990951641894592 2.3230432881019872e+30
-1.0672237833148285e+17 62840594372282144 1.338093388903216e+30
19867042703527504 -14624427603845088 1.0566130072701732e+30
6428347995632880 -31398331197714412 2.3049767606026801e+30
-56421707353079144 -24069250464488436 1.7132443904381374e+30
23392932584230812 -11029553640822076 2.2609325776247847e+30
-1375156463750505 -37661355018740472 2.9073536845130458e+30
11906137600725406 77857121517809472 3.449726628278643e+30
-28855052749493892 33450345815157220 2.8257746698094067e+30
-5968020776212188 38030135667993480 3.7080932515698981e+30
-18456925144610776 -3367683171064834.5 3.5369417887574285e+30
-45977950587451840 -11057221227237840 1.2411917648038255e+30
-22874380577215588 -75721752167461568 1.2920792803565895e+30
-12373384116031920 -10101819094125748 2.6614185249950199e+30
-80832370796752192 -28880643748856704 3.8081827282846952e+30
13432553941954032 39778377603809488 3.7567186592985198e+30
-10955441711010510 20137621864090768 3.1858086590081131e+30
8517632813940153 33758001659130168 1.4923297989030915e+30
41466636308076792 48177085196249824 1.5760255203289146e+30
85154602806699744 1.1195734787357418e+17 1.4101391443043388e+30
47358965098010576 -20962039004596328 4.3218900361351286e+29
45670304459568056 -24382347212157108 2.3250309144332139e+30
-79048122182392096 20512800771076080 2.3453148404950539e+30
-41721021612920824 -9363536504889872 2.9851755247872644e+30
94750952879114160 1.2740386241239979e+17 3.4278142429950539e+30
21906135664919440 29886324744702564 3.4583596986512837e+30
-13430127302575226 -77181810858017072 5.7246112421280818e+28
8061632961277905 -28347565798309784 2.3530006501224991e+30
57489188391282928 -39061342064782400 1.3714760586742049e+30
74286195497793088 24280978792997108 2.9965816143645848e+30
22461412043571068 -15171668261217430 1.9551262907371039e+30
-6086365285141713 -21692975679905244 3.3022855352004263e+29
-70421271592956816 98667404617782496 1.2959316150405981e+30
-20798175680603360 24659295036346084 1.6889073138416197e+30
21193047778158824 -12762293162201656 3.6103645407093048e+29
-16981130921522816 10980885650738864 3.5909439156691478e+30
-5903913145256425 22938969407375072 2.8303529085889729e+30
-20745585774934220 -61339942338131728 3.1727088601484664e+30
9404862173591096 44359304570434864 3.378665331599616e+30
-25247981627177992 6247056028704255 8.2524747490942335e+29
16220952720056812 -50999649912440336 1.1530564363552212e+30
-2869981427668561 -18798314313997464 1.6019529630108537e+30
-12886444331683192 -22134869125879184 4.0714280284013527e+29
7006085159509253 39408565829161040 1.6803278104590901e+30
-12336501438521538 25469461845092440 2.7057817809055259e+30
81329252497272176 66792511564740056 3.4191380723469956e+30
28563068919698768 -23063862041615288 2.771056193234483e+30
-36422538582227216 18900514643406924 9.2944182139041179e+29
14773811073888326 -2592720679794097.5 1.1807477654615699e+30
6804856536546861 5765347165608269 2.1858758862478136e+30
14376107691123442 -28390827474191548 2.0858295386971057e+29
12812753487806140 26180255076570740 2.168672645275505e+30
75999130428154704 -60952019401523152 2.5186435704428874e+30
-1608063144789700 23272144269112012 2.4906064096670779e+30
13973640023803950 -3460945674994119 1.9163794421865312e+30
17016571197767480 68110672099148472 1.0538027619758236e+30
-4275254951061862.5 -19055864991673252 4.4996445467647056e+29
-13939477637430452 -24057292413392012 6.9085547922175901e+29
-19570957616493280 -5818174211314592 2.3316447024972732e+30
-2812281779567226 -18080952055760968 5.7328501683366807e+29
9779149752498500 -27204634292612172 1.4744271390398173e+30
-51026231628695400 18265365176783424 1.7783088886252407e+30
47351703282645680 -80585827125523856 2.6941872332721389e+30
-1521599716661975.8 -19868737450867228 3.7158722094215336e+30
-22657291148887504 -71428329921482432 1.0415950808546433e+30
-10701567737799276 19991953444842064 1.2820889660425685e+30
15156911757530758 27413129852378584 2.3285436689933423e+30
9737914784633424 2677015325429024 2.5944126021167784e+30
4070530962255720 20357783609508932 2.4112813796513587e+30
-31758340234540564 52160322676514512 1.0520986940871072e+30
-92551571709096320 -64665909374142952 3.6290149801451402e+30
53886992823054896 77020231236883280 5.6720434852720128e+29
82521429833093376 94736297101186752 1.8826809577721473e+30
-42796431915987160 -6212059653517635 1.8187274896336245e+30
-68140361810745208 13574600313749562 2.7491305323790223e+30
38152655995717848 -36613421890410856 3.4819685965794474e+30
12377855690132548 -28407651413764900 8.1996980318250513e+29
13680874908900480 28842491413343760 5.5493667360867018e+29
-27146124777838280 -9772554159466166 2.5079886739373388e+30
41855317006154752 -9061715322072738 2.1482830806784473e+30
-1.0174859372805229e+17 22698191834405920 7.8875582925486804e+29
-16778357367794464 -962613718135819.38 1.9383399244708434e+30
-8534973182263961 -13866291795461654 2.8495854442336662e+30
-60033817313349392 5301709035781519 3.6676373805124103e+30
28425621940206864 -5112341084983595 1.7170888297684708e+30
20403109357657680 -81299022638784576 1.9225762511408886e+30
0 0 1.98892e+36
