Number of stars to generate: 600
1033846772125662.2 27680784947252840 2.6256830117598479e+30
-6597270965312064 17263104360419924 2.7952333083717987e+30
-27694218821947092 59259608666804392 2.8304563855165052e+30
54631426402250264 -8296384909381228 1.3234876201337393e+30
-25078441163211392 25232753456850556 3.55280050266773e+30
-71216809265393792 18243440804542376 2.5543842501700941e+30
-143700960301626.5 22497372334652316 1.7440612433455248e+30
13312491078181052 26456187671033912 7.3534653808510611e+29
30702890165260224 -36456887870287080 8.877449124025088e+29
30198368734677360 24427631881417464 1.6065357243613674e+29
27639171912386680 42898261852751208 5.1826339988726771e+28
-23959497598188192 4190160545001855 8.6474469223034248e+29
-52706606588828512 17981877435339382 2.4641446403726992e+28
45979970512669280 34686262644920376 4.1542295828700575e+29
35899543799476472 -17864380831959166 3.0975926934118607e+30
-50332326415827432 88397731973968592 2.5562615868452572e+30
10444490149635406 -7713909025284907 2.8018015915616719e+30
30306091298897208 18759267311916000 1.2410150105837401e+30
-49841045197192872 -77630769264005488 3.2772833932348633e+30
-16134451088881438 -29494716684942248 3.3826916429636072e+29
-14939751034698488 1483106176021700 1.557637174550569e+30
-10762805749771808 20020165981388564 3.3805740744898715e+30
76379688060905312 36398103422310800 3.7548040305945353e+30
13286245038018572 26441866750874312 3.7381296722930374e+30
42824407922455792 -10257485626650928 1.0666763631708691e+30
-42473147171993696 -10947833370709856 1.4252920405671584e+30
1.170907322656313e+17 78200412697445280 1.1870152699957261e+30
-51121749056308528 2720918734645777.5 1.4246727611516388e+30
-71142462363314960 5987612965460793 2.0984126983014063e+30
19010602382007100 -20421303822554112 2.6335182819480237e+30
-3989490335569273 -71694214384344704 1.4535948068323166e+30
-38667533101173240 32857260361927644 3.0008680989171394e+30
-18733850634048348 43175771037191680 1.6624135798523352e+30
35146421542688468 23897494820521884 2.0884135159071493e+30
-45806097805056824 43933596272328712 4.2632043731703084e+29
-27497063335130056 10369656520027674 8.0103593340208037e+29
20245578398995256 -30185206161721416 3.5110922820980171e+29
74940331869174064 -53409239516709248 1.1776188936001223e+30
-24255500220812688 26595129557102780 2.3517909561106284e+30
27959700332841636 12417051527022928 2.3851613376687681e+30
-20840015488319696 42116824209901016 1.2500212960563902e+30
3304753436226726.5 31764029927485268 6.5326972451520366e+29
-48906149144970192 3133442701280443 3.2356814576119078e+30
-10120787859551718 -47095450872902744 1.5641289129590916e+30
-53803030857824088 -4067875611470085 2.2442803544139384e+30
-3034625686612065 14368709801648712 1.3152719606038516e+30
-12325896456803930 -23426859912708072 3.8124132644422858e+30
-5521913384708349 53258020352474576 2.8755310810695735e+30
7930242865978101 -50588637657346888 2.8607411029587952e+30
-50637299753626896 518999350564352.44 1.4201747766649547e+30
64826172167304104 -33479475875993932 3.4137690824554961e+30
-88937526400430800 -54970806004313936 9.2863726955976116e+29
14733485962649354 -14676856923958018 3.7425327548488536e+30
11055463246784792 7686753996598360 3.4425302257057849e+30
40319004790752712 -16553820133710076 1.5037442943484722e+30
19802714295271808 -10410090549125866 3.953064395470273e+30
-1047527307462749.1 24693753394666180 1.9681563349881383e+30
40064630370651264 1.0211503014181651e+17 2.6442892128454828e+30
2289541116505451 33708176123024800 2.451270549703517e+30
-20362832144794216 -881840042062868.5 1.0953044808127893e+30
23890078758291784 -72824854921850656 6.0544391891788657e+29
71249979313562016 40275579113810024 1.9825243225693972e+30
-12788280481764182 4148176499911766 1.7379614692408745e+30
-19264221346379376 16322436405086738 1.3726197039463923e+30
-3258814323047220.5 -53526087434396128 3.2878549261595269e+30
-31842183333559908 -55908671044739592 1.7357357283210282e+30
961522936722163.12 -15342810095197738 8.6790330451907138e+29
2899994693269241 19446858447939636 2.9737415089335609e+30
25102332792035332 -15830384365646742 6.3381375610365166e+29
-16015897421318952 -24706502889715704 2.3785116382034579e+30
-19140424945928492 -4405807687403396 9.5588164706585084e+29
-1.0842942105320989e+17 49475858729809656 1.190497159972398e+30
-7242038275017151 -15055018237870742 1.2122994925200041e+30
4516929961789952 66253972490716936 4.3110247913262722e+29
-17501110584248354 -24000453388364468 2.6008511600946059e+30
81271189541277536 -48946681872054976 1.6474079210839643e+29
-1369872557738700.5 -62821269623730688 2.5004107468767341e+30
-75366657061757568 44512005477639984 2.0963365755049593e+30
-1.0634433436939469e+17 -77733128928897296 2.6431057048215782e+30
46757239660651512 22226692399040504 3.3554658503275335e+29
-11127241660674032 -11364141869751740 2.6474016625967522e+30
14028755168923078 -14151353344774730 3.7096841519396983e+30
19940596494141064 29367047144791548 1.8936772613946582e+30
7192123896577498 -10141177737241684 8.9203027472694147e+28
-34001312036064048 29175488869460280 3.3520649124860714e+30
34841537930414728 -85943319224355296 3.5240505942700683e+30
24270851551133748 -43289254771359680 4.3586657470419275e+29
-55436284549520160 -38733135185881952 3.290299319413265e+29
1.1582973272878189e+17 98009030595538288 1.6489537230045111e+30
-28655680842394452 -5043796263031982 2.0937856025281752e+28
14701299249712114 27186051488496600 2.10667053240611e+30
-36138751911397240 -18109803890478776 3.2512900825698285e+30
-21927917892063796 1226597492682333.5 2.2156283504030916e+30
48057583618751816 25810393357186212 1.3138963314001835e+30
-10982863001900956 -39335286583914904 1.9197786311023932e+30
-61062099107852832 5491882363286052 2.6448572981763354e+30
41417782175717920 -7725582343562843 3.9501875421056167e+30
17662290165988310 -7164695097365850 8.3131329162740115e+29
2551236599978468.5 19169710007537792 2.3415792015088306e+30
28742953964228248 3993535067992332.5 2.6591913002581501e+30
12501546817815172 -78954446956827072 2.8403619195859683e+30
-3555588904640506.5 34121242500996536 2.7813006571118091e+30
1.031765534516816e+17 1.2529527693198846e+17 3.420928223540706e+30
-2712728651084036.5 -56860729555289888 3.3386076440601317e+30
-7363901796782459 -45471825381534048 8.969109421654219e+28
-52797414089352424 -26115798270947068 1.1697466153291658e+30
29713629617572764 -46338350031912664 1.0565503090193009e+30
6624256456045973 5947922101800945 3.0021140737667655e+30
32449651507356032 -29677361515238760 3.4308483557937912e+30
-4948545676236385 12561712021431392 2.9466232411178561e+30
-35936111375254888 -89137136926331248 2.6206069106032703e+30
26898316236901964 4739655739846092 1.0601655116169077e+30
-55965658700397032 7268415674485384 2.6398878608024261e+30
-82307835272122016 -3565102313119543.5 1.9165322917005762e+30
-70403769295425024 -26050851902139604 1.7730631628927228e+30
4212061052615649.5 -57107818733065312 1.4003888570624847e+30
8176432422832722 23314905095395192 3.7094613694888566e+30
34127981681924112 -1.0807144803478811e+17 3.2539936244028048e+30
57979268630376208 67175056146460840 6.1207497664951517e+29
-41319832035652984 -54595030542667592 5.3027947991890117e+29
13530178760782836 -3934148496005464.5 3.2909058598319194e+30
27731322485045844 13383754037543426 1.269207410263828e+30
-68354604209664496 -32829246586288540 3.0316136889907728e+30
46112812166610320 40354934771524160 1.8448255131332766e+30
17116969927273922 9216026297784292 3.3611909083165135e+30
-88762641196658416 -1.087328045414311e+17 4.5778068500561225e+29
23754292876305020 -63559985860527216 1.3868432625141281e+30
-87177698309389632 40979197270347480 1.986305338832235e+30
1.0091753523300653e+17 46028901665605216 3.6684081953916805e+30
-10977051177915032 22902406359707472 3.2981715672671471e+29
-4508287717193499 -36108024461017288 3.7894664756772788e+30
58077530375861640 88730260704527136 2.6763618472255174e+30
-3193563251528459 14659802002561838 3.4704842598207882e+30
-24142838478080804 49608452626208480 2.9339836156952481e+30
1.2125712161653587e+17 82634937234766336 2.9400791814019632e+30
-33453894222306.367 -40920874103225760 2.1407867341650802e+30
83139155050893392 25596963886663992 1.7376428646534933e+30
61311304542649192 11402829026195526 1.8576058352273478e+28
4832976464123987 -12210551584260934 2.8764480579035276e+30
20528647381484588 6861716879362140 1.1583917057801267e+30
-26166323437936728 7828878439401170 1.0931969346783384e+30
16674987452370414 -450759175965006.19 9.9319581277480429e+29
-62369559135367688 -17976623189022878 2.5179341159321524e+30
-74095729474472080 -12066192656675922 1.3827371434225912e+30
14474348709135566 -2919858389351322.5 8.9730758512683384e+28
15428752396085906 78736808148019296 2.7050886149121187e+29
-57763904559369496 -88401711599726576 4.2511331524225702e+29
-2786822011796189 -18865469912635676 3.9735256405777502e+30
-77573191447685984 28317544368992940 1.3603194797434039e+30
-10797812046392670 31428466367098096 2.8163139666254225e+30
56053229935752144 79375197459526512 9.5059597922420644e+29
-65624165911585736 -34203227144982960 2.4914618734886815e+30
-56649697281662448 -6466868711090807 1.1912205385186954e+30
-25105614410175500 25994466903931456 2.1227846781746367e+30
16568241255326458 -5633003388466534 1.7603777028381295e+30
-40038371717543832 68151336259349776 9.6581212022633688e+29
1.1989123444920342e+17 75407020202189120 2.8345056646962524e+30
-93233418413922896 24899137816212232 3.6595757227655142e+30
-16107509112981514 42802024266441304 2.0717117039552256e+30
-19710182767047508 -40602718866654688 2.3213045184586599e+30
-14696768512676758 -12015609673490052 7.8248143199664524e+29
-22976874004452716 44979638543256544 6.6506860730247225e+28
-1.1301125970106414e+17 55935899815635424 2.372084244858379e+30
5830800332987931 41528518825301320 2.4018198130633208e+30
-44656218691377440 59517537954594752 1.3518836213277539e+30
13015089746234302 -4476863315373727.5 2.1650959231495445e+29
75029829618688336 52073694479144416 7.2565609135866187e+29
-51041839805466936 -39884474721098048 1.5781760452122153e+30
6252025604041175 21975658508054464 3.864572334476058e+30
-9818223708562042 -35155472855286480 2.3670761550175188e+30
43791412470697848 14417857284252236 2.128768488107256e+30
11155677201650796 8020218128755463 3.7027838939625762e+30
-504664925909091.31 12531283496403622 2.7625311544298953e+30
-1.1400731843106016e+17 77599351026081536 3.3995576062977786e+30
-1581596158845357.2 -45009966918160560 2.4308898574674234e+30
-42385985050655464 -16777959858804754 2.6661645558625146e+30
-47575399692599856 -70152987189126184 3.5310504895751672e+30
82685488090865664 -73610222008749280 9.7385516007159318e+29
-79836545246951664 -48560172389379504 1.336367277485318e+30
25053956179804748 -6009424282900635 1.7406451145198935e+30
-66009452753667304 21730951168315044 3.7389844772371677e+30
-31045523835136248 -33812158987145492 3.7217901403811972e+30
1.0257261839168347e+17 1.2532524709396688e+17 3.5569296282393525e+30
-46294503489281568 -51977664884314416 3.8994730455770368e+30
14411782726069946 34360568899818112 3.5964613097566776e+30
-89516338291895664 12247165893418098 1.4513038329748047e+30
36160880853965656 -20340015595023164 3.3652128864896508e+30
-34644355573403816 54822006045448800 9.2257661811961689e+29
45386487665159160 -32949532791688168 2.0702229896565798e+30
-18989660861225356 -63707904552805352 2.4737455627945035e+29
-21551998990116984 707954145549351.5 6.5416467066216082e+29
-1672210294079317.2 -17287160507477674 3.3175881324488817e+30
20976022956702100 -28899458691446476 2.9785428366658023e+30
-29569216809643336 -40913098972884384 4.9830630517678326e+29
61442030516415752 -61931394433050000 2.8334227880684778e+30
-8905887631002731 -30855182441025496 8.0849350406960355e+29
49442493958689144 21600765785881232 5.491791413361885e+29
-84521156377592928 -1.0029151864857091e+17 2.5160932115243592e+30
40353509628634816 16826723212025026 1.9229348802613341e+30
-10432889797470892 -22568774902541752 1.2067282414253173e+30
-27039827708359588 7275887948529878 9.2589321344485071e+29
-1.0421606824350352e+17 22109510393499156 3.074785396165091e+30
56691128551627640 83012358829381392 2.7355358253581495e+30
-20156742370137204 -53922638449060368 2.2962014380947883e+30
58492077761902656 23263606132200836 7.9797871885713493e+29
-5679139242633289 19204031941651856 2.8299783073664654e+30
-96357408272545216 -71092287062071024 2.5758675586633755e+30
56410843562125384 -31494498797935184 8.7829964711193483e+28
-38610843197303872 -26375191992778452 3.4675174603576644e+30
-22422479596168612 1921889257303514 1.9794409220364855e+30
-3030925212712708 18094276582558948 3.3683997902105397e+30
10777906376326250 -27918785865134732 3.4500508689174887e+30
-28873180403408972 27579225914506452 5.9563713736870514e+29
21641484656639452 5789639163862080 1.8345518144242021e+30
33436051339230872 -30288499725802764 3.5142786701858406e+30
-15766384097733878 -24639370399996244 2.8695940480921053e+29
29117918503002260 93229705504136848 1.5662230058316118e+30
-50568361290622376 -11673811810916610 2.9313583650030446e+30
65087342900918240 -1.1492646181368056e+17 1.1302046502821333e+30
3011891307574486.5 62073208292062320 4.2448389458911323e+29
27010964237674888 44982081585876592 3.1907097988296403e+29
33803779545271440 62465259422687096 1.9821571153857604e+30
4265735994510248.5 8257332751148814 1.5164081983941785e+29
18407907133239968 1609162349562581.5 9.9021926898520685e+29
-64019799707745080 7444089101340959 2.4449161448481474e+30
-63624514412440928 47298306974819496 3.7993506196001051e+30
13169240920356738 -28727809549604572 2.0860065436938298e+30
-21756220609169720 988691304440287.12 3.7417486973672874e+30
17507600872418578 -6943587036187858 3.6762071120938198e+30
1.2655751355849334e+17 1.0352148292848454e+17 3.4781219999221559e+30
-76885156414349312 6149916957206198 3.6233426640689463e+30
31656424283157332 -3701121830689708.5 3.4013530601425522e+30
-23033574454518004 -73663061689456416 2.3047454324821459e+30
11285422724193698 -46217458693689928 1.9851579760631347e+30
-47198985583909288 -72642791286545824 7.175904065464935e+29
1.0213761331013195e+17 -81455161653739696 2.7666087250418026e+30
5848664186169098 -17297502287662864 1.3361798971975911e+30
18521693505521964 -45757596507502752 3.2346644123550511e+30
-6429022331406676 -20397957997069972 7.6150313565191012e+29
-7657287306887691 -32476516867215344 3.0521246156770479e+30
43138665280118216 12866579421498354 2.8635311885186636e+30
-8135935485187259 18328624312772296 1.4371022971707345e+30
21655642663382712 89383545060010512 1.3053643253709233e+30
25952794485077696 12409742088629830 1.0732416231392798e+30
16698461980743840 -1952671333860241.2 1.0460181157516589e+29
77600586016148784 1.0389723959677848e+17 9.3015943750187318e+29
67107829921414832 -36163161585177600 2.2089174914532236e+30
-91808400315995856 33674853608177596 3.6871708560180915e+30
-62865379657449272 -31460952502547756 1.7767392049927457e+30
-10936074956628866 -31923846313437588 2.9890930924089386e+30
-44238140501470648 -29340260993413868 1.5862418429894943e+30
79266042188278944 -51564873936824440 4.369369689442717e+29
12187252945757082 -18226626797644044 2.7855799265297542e+30
4734428154578652 20861200507327184 3.6870991162776517e+30
7958964241322114 -34895358945250120 1.1808665207917886e+30
-6635218482487585 -15599816639469396 2.3894259252649524e+30
-10340212798182010 -56924974012815160 2.3809385362977063e+30
16612241397713800 12197875557771312 2.3798014692623726e+30
-68626897352465576 -1829795872857777.2 1.5349462133407369e+30
-25305543657045820 14844499979820052 3.1225443696142063e+30
-36806295663481120 3523932251970711 1.2295875925182048e+30
-87918738240940288 13940412843300816 3.0839851132251961e+30
17024653964716684 -3001193155625598.5 9.3285022584329776e+29
10383708192128578 31875272284002832 7.8136689025398238e+29
72593329945851312 -35105034270818144 2.8955503371183224e+30
24018245019810532 -7304771822850146 2.4387254970921026e+30
-81633137639954416 -7972815109121210 2.040476638459453e+30
-22274175384115256 28871103676146576 1.8395906577357349e+30
-54318473991182432 857788593567691.5 2.510163711097464e+30
12273208621922184 34403296029799740 1.1393638738258201e+30
26304289849859500 26959307539244012 2.2069141330065412e+30
-29242094381137744 35062795821551936 1.6283088682031855e+30
-5308538773944802 -59576520195969344 2.3116709354760483e+30
-53741837438019984 -39032208327231456 1.6362680229633115e+30
18484369535035260 28864128356135836 1.0611995865547268e+30
60533315803884936 22211975457040504 1.2592970827814377e+30
23247181711123084 -9463260719330498 2.2212306379621652e+29
20657663543289688 29579576813529596 2.3139878803811638e+30
3927225707945624 26180539518384868 2.9223538552167887e+30
10002106411960890 -27316295777208096 1.5475242982763477e+30
29785536587969452 -65013368459966664 3.0266763685921933e+30
-37299335715709984 -29106183265807848 1.085593828540105e+30
-39486591323695880 52351723160816208 2.2298923072211245e+30
-62308249285775544 57672381132671520 1.8207177447035648e+30
32313043227730640 -29388022329408992 3.4444888577679452e+30
-14920413629125864 1507939433556460 1.1292862720550933e+30
296709816021166.81 11848824395702730 3.9244875574034835e+30
-65050104368818080 15151685158868178 1.3627411246409521e+30
-8544898383139014 -42527119516278840 2.3125448688362037e+30
-30052486383072828 -18429999190816256 1.9630990178573252e+30
-16849226716664138 6562482580498298 1.1699894457635797e+30
86474453045469104 63186192603135160 2.497813832790325e+30
-351090196419049.56 16760970145558076 3.7727066111003986e+30
14686007942439252 -59741903681531312 3.977220044746144e+30
6766516799355066 -58647600269939800 2.4130935407665504e+30
2186476848550558.2 18877028803993104 1.9346575080844716e+30
44337369359798552 -19762490590247216 7.1102880299265008e+29
-11783078293151190 -23193148162008100 3.8132461485980016e+30
16769229112653066 -341503256863831 2.3735658270844773e+30
-39744611440259248 -9296078983509522 6.1541963441016031e+29
30161897973709972 78292254686287616 2.8894890341479608e+30
-62298720299260720 85584784814945120 3.195656541906373e+29
-18820304737379984 -3914806271730963.5 3.9776831015409655e+30
-195945772585664.94 16894376024190478 3.4895204243567499e+30
-23597987137271960 29020421087315892 3.7106690582415091e+30
-13635192862485686 7206959058063246 8.190104905684631e+29
2738749791488787 27303900056081492 9.8694140369405741e+29
21615696783556348 20523124003887292 3.0654988288762603e+30
10907434470548856 -6623715388787200 1.1575472252586096e+30
-1804308334966533.2 17981598680153280 2.1924331634579537e+28
17543871475784598 -6995289943806280 2.4801592614149691e+30
-19545007766512720 33326979751961080 2.241112080222673e+30
73998590917628832 91865678468523088 1.5084552974082099e+30
19098124494155300 2461689344883827.5 2.9824722198743673e+30
-13595257036308058 -39217000016241952 8.5439673187416994e+29
75902339136017456 -53230273237472280 2.0593213696438458e+29
-35170641750984300 17115476030397890 1.755046380482961e+30
-20217860162692168 -6128956649603361 3.7842644993219937e+30
-25220756540388552 -19029935245939068 3.8588207783645745e+30
-63272415372717360 79448481408623840 2.7312038749719883e+30
-28874399481903320 8003504962100241 1.2751081429900022e+30
16655614765200110 -29822426869837036 3.2086474381847826e+30
26605459368424956 71619550914385104 2.5927807856970884e+30
53627779423789256 -13869144989944374 1.4386987096370318e+30
16223527462442782 -969973817335083.12 1.9935268172932688e+30
14559318124053318 -29230631876521712 3.5403003315130554e+30
30936385868867788 54337051717222688 9.2157169130888093e+29
21326661137512252 -79032267725831120 1.0968960974377573e+30
1.1174334801393966e+17 85078753275593264 2.4933439931629899e+30
12260298517856516 -5259075155934474 7.477888123251666e+29
-60813946865315008 -22858815544255220 2.1686744472223438e+30
-51894244706487472 -30090183793525672 2.3412433596473792e+30
-9904400028902004 46505990056645128 4.6324131489616038e+29
-23107432215090024 -11450396141769762 3.8330567251977812e+30
5717793876903367 43329480045934528 2.5331695123718043e+30
18793878046143216 -8833625342030911 1.6186237250278044e+29
-86624386465143376 -317000642319883.75 2.6175446193374824e+30
505266436301563.5 36907481209685440 3.7321650951800987e+30
-61461369740196896 -9822359041955766 3.6374550469587254e+30
85689889602289424 1.2533213895094267e+17 3.32902800236094e+30
72944142505173344 -47039324019015688 1.1065469953993498e+29
62480108039803584 75109653087253744 2.8759979664740928e+30
8806679608124800 -12051809790718808 3.7966977604471325e+29
-70911832502455952 -24437006202571916 2.8467366551567471e+30
12301257660557508 47568901152354944 3.8854414830198952e+30
-4565469264425964 29998520651615848 3.9105573474164909e+30
1902550724323074.2 -56610960007999376 3.1969359255400322e+30
21029671616307392 8550093804771521 9.3142259652860318e+29
14392585309503934 -55208598296601704 3.3120861578419205e+30
-27825082769123044 -70809780437195344 2.2226143136872473e+30
19242829462790476 -9523723554792480 6.2284416789668236e+29
-19363032659718004 54223929460956560 3.3632451298758614e+30
24903294365063124 36544922861137320 4.4539838379738666e+29
-1.0034490605244656e+17 -88830064303441232 2.4119939599348843e+30
33996844128757304 -18129848611894112 7.7700446791478596e+29
463148693771127.06 64651047635955736 1.4560979901699946e+30
-92998291586783040 36695333332820112 2.292194582613995e+30
15169173036208324 -29425008276540136 2.1437112051953704e+30
-12010165482565202 -33363088754956492 1.5725581363362701e+30
-3617485565911233 37972624740070208 3.8904942235304693e+30
62940428305455192 -21870506076724484 3.2311796664952429e+30
39707269350740792 -32823139544313936 3.0620124862343191e+30
-18928957738325068 19939211848871484 1.2563148485671594e+30
54196025352244064 -18528031714885616 3.6525386490348304e+30
-13955363906371698 -24062989509630704 2.1802893768778302e+30
-47143122976854088 68262823285455968 3.2313113914715776e+30
26116615619858080 -652160196062167.5 1.0118523048623465e+30
-17423210687103064 45786217492621944 3.0416260046648188e+30
19907603059157736 29356681314565000 3.6176980733851593e+30
-22434091424834316 11837748746370606 2.3742369728803972e+30
35271133938572528 -37671835515054680 3.5969744297708605e+30
55092403293410832 -9266569208664000 3.8959507353703514e+30
-17083615521088960 -1386457209005736 1.3975945972884571e+30
-85591949208516112 50698473402669712 3.1591104539677934e+30
-935619995329856.12 -55375025973220976 3.9633454332689262e+30
-93747673099558608 14804117264285966 3.2962567758818152e+30
-10874136630388022 35767719329694236 8.2704082944305779e+29
-61209578642713832 -11798613932476892 3.7233934107496597e+30
-24166922678018056 -14250534897885620 1.9959848382946942e+30
6595830808822532 67335644232481264 4.2516445009690377e+29
-15595631590061820 -69507783579646344 2.6074539392362591e+30
-20658708093055116 -52327297513955480 3.4133962514244536e+30
-51431044246911680 9158113836842788 1.9522247022319296e+30
-98056169938194208 1.0095584457937003e+17 1.8815956942445906e+30
8443345538048429 -21901097669209876 1.7825099316273621e+30
-792002312620749 -20431502844556340 1.5024205492241933e+30
9335528795215870 24080484267950884 1.1519861331005358e+30
-33988374759015548 -86790135584108976 2.8117130410337105e+29
-17747404926802402 -2328067245331487.5 3.8473229126291771e+30
58840428859156648 87333978048725760 2.5342985777974832e+30
-61453624258523832 -81137566118371088 2.7550848577176283e+30
-80173464498895488 94208045689484880 1.0965340806404919e+28
-1157190325800438.5 16059278629202898 5.0035892873979675e+29
-3053446290893671.5 15841870855325128 1.8950063476345047e+30
27334253070545860 70929517917279616 3.2516061298525747e+30
35468092635637684 -1.056218965183663e+17 1.863019305020317e+30
-43255418009587656 79756568996005088 3.2229720073608099e+30
-22493365826535392 -24719678193404388 2.8489656030591206e+30
51808246460358768 54406529881031184 2.5658206511333026e+30
-9056219384064126 29028208748749972 1.5724798262823085e+30
57905345536734016 1950568113303749.2 1.4475055580342564e+30
-26422200410114220 -44894039953980264 1.416415671414873e+30
15868663818679426 -25951503059374596 3.0632593110697383e+30
-79752092570999536 92149257428996368 2.2174481070792566e+30
77921654749339584 -47889465800322256 2.6549566161468458e+30
-958929221240825.62 16233192832269008 1.239579910877243e+30
-55126845847418832 -8211013155851431 2.1360254065577839e+30
65114280115385136 -67363515838232528 3.4876920926839214e+30
24698585703085516 -27499073393263588 5.2761976682056825e+29
-22743278562589620 39758766469409944 2.9515027983324479e+30
-77093317389939968 96614244970777200 2.6673294502655067e+30
-3235587806732839 -18368149026494808 1.9518437688301799e+30
-8063111129780003 9428516112857776 1.9406399459509765e+30
-21316662025681760 -8025121561582059 1.2268354834869505e+30
-3423805604493031 66703939995627296 2.8081497814836385e+30
65122682188666000 -1.2367941085982552e+17 2.3579165705987834e+30
8653651853614380 3846601163643137.5 2.4832373263272426e+30
15453710614057098 -1839899527349786.8 4.000661643601601e+29
-26444521382504072 66445987339868816 2.6989212299697772e+30
6290186448383907 6283441478421778 1.8923597586784285e+30
-15206599903283668 49394711375298008 2.1764432955917285e+30
66374732460580272 58730905214208160 1.4378956177913612e+30
-56436994080127280 35567593981878784 4.377072336304506e+29
-7921886639365867 21842967899821872 1.1129534154985551e+30
11292424325787200 -27932144747569252 4.6767203978232019e+29
-28323394186936716 12178510880342230 2.7890195277522979e+30
-24894303141320624 -39177852712188544 2.1344115552953143e+30
32447104063910076 -78622853003826848 5.0964244047571493e+29
-14410579217485156 -7948144234217071 1.3531020731450273e+29
20659066011419672 -52881652491625936 2.7334107231816873e+30
-17740758608155424 -2318496670404371.5 1.2068440279072895e+30
5446092225701339 -24758556643746820 1.4789420182626365e+30
25000185665431756 -22271165824388816 3.8939096580806509e+30
40898191336898944 -11885669051857726 1.2770861043521646e+30
-3239493922795908 -47119526214138248 6.7817986789729397e+29
-9660734574516288 15766520604303056 3.87917090216731e+30
-15941395014955128 -61511401418965864 3.4333391691328076e+30
-10711772273657994 52839333730228088 2.1556299855442733e+30
31598598675100924 68648440150425424 1.4463843940953071e+30
-54929958848039928 82402164911244144 3.593303132843603e+30
-6518950393600788 -68278160664923712 1.0267612959889386e+30
10919861189640332 -6611392647765651 2.3873480536186324e+30
44839227671614968 -16097788826338190 9.7258621139725595e+28
-49252198053397864 12014438023889274 2.2994293405513781e+29
17122870769228262 71221805951590.094 2.2837711265905057e+30
-60188750802523672 7471510079078340 3.0819452113983603e+30
-46060735884375616 -19113616349268228 3.4930928405280286e+30
-4554632215045658 12940706314265808 1.8035213329445744e+30
-72831275310731168 -14484692545572646 4.9723551231100469e+28
-30572594303438552 36205337385414280 2.975578289795759e+30
37558470967357272 46666734026324488 3.618780244109501e+30
-20244921935306004 -6173803651083773 7.1988149215491485e+29
-14831521707021430 -24360516470434404 1.4387688361105508e+30
8982864633211338 -8486511673376777 3.9133460425731327e+30
1.0268605407046277e+17 -83209808907520528 1.3351122019161048e+30
39983511951845928 5000345563531956 3.701283064284337e+30
73266103704433440 -70134227573046048 3.5614347228188672e+30
-24576639574897040 -15543188233062188 1.863737821786135e+30
31150973788019500 -8318938171769550 3.5245878339306538e+30
5812079972809060 -88084760246207488 3.3518891016655758e+30
20899660781066776 -21727649101134556 3.2863063530083571e+30
37880048319665200 94885732716641280 1.7964952638555687e+30
67691347235439264 94209494847970176 1.6668711154201589e+30
-20442080380859712 -64383160234930008 2.8617785149671647e+30
5286502772172958 -30275289254143232 1.6817434013231994e+30
-20035959032611512 -1306363492999620.5 1.1800974736755814e+30
17032150629795496 -6273575703537410 3.9707015011508867e+30
4950847709984941 -18180236276201228 1.8827023094542802e+30
15531603731964826 -84247672392992304 2.8118751161746385e+30
-23755224772976380 13494425899493104 1.7029286014305105e+30
931934285094011.75 -21715073496789344 3.7973944520048604e+30
6287049552401717 6286578517859780 3.0313489194308319e+30
-178521868468339.44 65711690936988624 7.7217122651959394e+29
9879294360831302 -7630018942648562 1.9158799390679536e+30
34801911997054604 68280025230163520 3.3315508911442552e+30
-25284415960148012 6307755808883671 8.1477188015293724e+29
-11383195071638576 -11108126538493104 2.9328796108871595e+30
23403325979973972 25098093278378984 1.1466991371522114e+30
81818430569376176 11814234359994764 1.3612744660755475e+30
-56759034530405112 -96865552808817888 1.7593602289147483e+30
17519627019398982 40929112148477928 4.9147848000134991e+29
-15145649694492480 -13739504033864296 5.4647257263914724e+29
-60750093447295240 8778784500445690 2.5984048424908623e+29
88411533584977136 46796212218944584 4.0403366696549791e+29
99888497977896768 49066521876248648 2.7369122166287444e+30
-11474351514016330 -45970928971801384 9.7005863212859189e+29
29805230918236320 27140430733769944 1.6808374022944027e+30
16943843462459064 -48883080325292856 9.3529811902535971e+29
1.1508837784836182e+17 75878461469928496 2.7839182450896886e+30
-27467726074168620 39378694014193832 2.6156192499482464e+29
10775287962069774 -6754517405062186 1.6841033640797939e+30
34872376253748600 -14043602464037718 3.6612566919745506e+30
24365438422155964 -8058570611826592 3.5619262157663331e+30
65912899903268616 99001461717881120 2.4593472629894064e+30
12245937485118404 -28352051990023308 2.0183106708665132e+30
-92957623054670.109 12182424865231786 2.4774955450834061e+30
-58070555410189992 -13046090658828230 3.3383878048352169e+30
28208731688295472 29254389914458984 3.469224676898888e+29
-10306579482153284 19738316360794348 2.5865175891077165e+30
71234622015207120 94807287850034400 2.3726991088589319e+30
81739695020867584 -1.2102896940795347e+17 3.7075450414514104e+30
-1.0124598645373685e+17 52273607129998136 2.7187852587422312e+30
-41746059750931584 58882660488641192 3.8673829009667506e+30
-8586622223116559 -13818004616270998 2.3058762546810295e+30
-23507196912465676 -53121195786562472 4.9310987388756954e+29
-57553978113488208 -82444386096532256 3.2737722091964233e+30
-55717465318183072 -27476119626012736 2.6161931631390578e+29
75414198049590000 22346775217169756 2.542370935612278e+29
18569469320532672 -8494983252547623 1.7236642725055371e+30
15814663802131368 -4618025642749481 9.6921123892232078e+29
37170604145071984 -26018642753655396 1.1905284281761356e+30
-33708777397732028 9781746044257258 2.0183169914177715e+30
-33018487868629784 20399504492698948 2.4446791546155291e+29
14553315745616094 53626107485815664 4.501161220185211e+29
7731216115443481 -9650806374852850 3.8321951154484519e+30
20514188697245664 4275443534123892.5 3.6343354682014341e+30
4149664314048487 -23933104042012856 9.1241667680125406e+29
28857409527080408 50860420106120952 7.5219272288705953e+29
4198651956659987.5 15952540484707088 3.1343578100063924e+30
-13232669132376196 9012182283229634 1.9643802045376489e+29
30186525320255376 25181611412671504 3.6601150495331784e+30
26008979168585992 -48879872726329384 3.2655259274980874e+30
-20553626543077560 -631664085215506.88 1.1347411782590185e+28
-81398399785643744 -1.0034047493073571e+17 3.4934698982941197e+30
-29004936286929260 39794047868452120 1.3941049151475639e+30
-19014431141334992 24098646091593548 1.8929384513635586e+29
-11468596750202978 5695130443748621 1.1629781924888356e+29
-1341805613158198.2 -20008492419524576 3.741444134699432e+30
-11761635594195280 -23183705475875300 2.5877091140118628e+30
60974794167440136 -44787651563113928 4.9007516022717688e+29
-21414622548940052 -11738449194026444 3.4194062088805351e+30
31163603939275580 17356378617799136 3.6880409357223056e+30
32544553986266420 -10364608996907974 2.3560670142653179e+30
-87330858927411984 88717396146434736 3.0492446322588726e+30
2418905250106945 -75366591361053408 1.6832268062616521e+30
2033026881655579.5 10321544445040838 1.0948736508918807e+30
-13526974642063088 -52286889734581496 3.8177855016331421e+30
-48471883559967232 68387346958815072 3.9486334855467982e+30
40635148744800064 1.0091504130148496e+17 2.0163644472675187e+30
28964924949876516 -91299595596118256 1.1454018763640818e+28
31212351920113460 -7595469749862091 1.6877099953233396e+30
-6819100824900523 17420024560412642 1.6077587193055538e+30
-32792414501330752 -59938894985157776 3.5917701983940938e+30
48312831630544368 1756186646527731.8 3.554808204457174e+30
19886734890569076 -14995452041406216 3.1389318122752532e+30
-170965594141688.56 49003919991500600 1.4475805414314504e+30
28162384185163556 16765405704831074 1.0922545913010379e+30
-69906718800391432 -6612671483247495 1.5619342949464224e+30
39184800465483512 78927001172575376 1.1783482532262704e+30
-14038399237487450 2622951409366793.5 2.3425917379369256e+30
-28267078541031096 -12060457704128532 3.1167465691174023e+30
-33124603965749352 18282132817680872 3.0465350104373218e+30
-45405888870293064 25906148035499416 1.4935541698799183e+30
-1891030127632555.5 24520358400844132 8.2258423120381827e+29
-7856537149870188 -77806935578764304 3.1277779848239346e+30
26416865169257560 5687995967437355 2.9338915636522393e+29
-21318825510636864 390302153152572.19 1.8053815416061267e+30
46881361390571240 -8640855581516616 2.0041948721248505e+30
11626138008089220 38796680502457688 2.7754597703959733e+30
-61074747411276560 19159736138511424 8.0777048639835436e+29
14645252438466682 50634573260393168 1.4796348808964658e+30
20477723269656028 -11522122011639820 3.1802978309533771e+30
-7339685218145902 10178662441871296 3.2920700263517613e+30
16790698840765386 31558316154884356 2.5373740151852439e+30
-10255489170245548 -37391703460089280 3.9280344837145722e+30
44046984115255480 1.0163775430078995e+17 1.5354582660003614e+30
-24166336571889596 -15642902477605998 1.7722278179126942e+30
-25940476231454092 7429167549820613 1.4821869990166004e+30
-33371780109676360 18386184724148584 1.0891236005771369e+30
28020846650908028 16447077627690718 1.2700466113281999e+30
33169700480650168 4744314512936707 1.4590356026652808e+29
-29925787452968168 -61213725969146808 5.9720590629045786e+29
-40745726472368872 29381802960585124 3.2404729488180799e+30
-62348947395170392 91501528798001856 2.4500854351218225e+30
71916644863073488 1.2144888841131032e+17 3.1563767198470947e+30
40962873121088976 63436003408770080 3.4530144174386515e+30
-50161303278080904 -18031058854515904 2.168779103255343e+30
33028152653828824 61082518688193720 3.3234904705186458e+30
56562618516538808 -2384755237862849 2.5448797020285539e+29
-94302254339589024 36512444782250824 3.8980061104128472e+30
43036928363366960 -7042762217905914 3.4630944213797461e+30
62659016267160968 34800033696958844 3.3420403415687515e+30
-40688434269098128 -80169740594057104 3.5582128560151695e+30
-42533715617389752 -29227238273057676 1.7271181617052193e+30
61362971321317864 -45247690357731376 3.7622129382215819e+30
-55841968345991384 9620980781778932 2.0460328853218345e+30
-39219259291713432 -12961165006642156 1.4236260633863673e+30
-9897924361965748 7460453741822910 5.9224771233063196e+29
80884271484362800 -63869763419838160 2.5162567085096862e+30
55208217765989712 93663421664248512 2.3098242472297779e+30
18946501468246804 -9066292142249438 3.1177061546876256e+30
14116220736288604 -15405558103778630 2.0439952855424405e+30
-43171798915567400 -21476796384957992 1.4596605130135858e+30
19400819120354816 -6495254997704971 3.87717838108603e+30
-62505377485648576 -42308956204453920 9.1294488960473323e+29
7501718792208411 62478796618225952 2.8273569896876137e+30
11821294925134372 64433094510559936 7.2122474267880489e+28
-28028442853651644 43314957687189352 3.7453801816353149e+30
15514290713557518 -1772127717887064.8 3.3752686871462042e+30
0 0 1.98892e+36
