-4777612042251741 -17216606651874558 2.7610929594917805e+30
-7213196367781472 17696074472702070 3.1191417514282e+30
7628810627151582 4921578291695364 2.1141529041533019e+30
-32807943577017800 -44530127259774488 2.5697567530184771e+30
46579933245382784 -1.1203282721332133e+17 3.8672118487372816e+30
12987119112123570 63463292175538432 2.5155061309320312e+30
-23596300721079620 -79762765790386288 9.6524971982523614e+29
-7956801946397503 23339398333605116 1.6592778708542385e+30
-12545205746991918 47746411584288720 2.4041724324496087e+30
-14047063380948316 33476140422583596 9.2542980369831202e+29
31764494500723812 -62971805050360696 1.7345596656426835e+30
62802416409478872 -23501821407136448 3.0969951998399288e+30
-12812479927701854 4119225209194347 3.0539174787472628e+29
-13323674336734016 -9111578289221206 2.1743489920595739e+30
34665016326861292 25174236617263228 2.9792423001543272e+30
-2406576152000790 -28439937638132604 1.1096890987354586e+30
-2097126939898965 -20397157451901168 2.5756179845061084e+30
-27650530087566528 10688615643841956 1.3586034546138389e+30
-10683956368978776 43936634217079144 2.5811857117026531e+30
81122888686944608 19826056764917908 2.0529469873389845e+30
-9874867642844110 -12593262406925316 3.5008942443149248e+30
23973399593024484 22955328751141972 3.4234470962486072e+30
-10543300103174180 6744554918547919 1.2001291186982312e+30
-72022102607927032 -51515349932268016 1.3810249523976532e+30
-76592369579005408 27043118413266928 4.2566153820292876e+29
32353878169069880 -78016692573992048 1.1152766608275387e+30
-68110688230090392 -13247119215731692 2.8957012637970874e+30
54024046757793688 -54685657853262912 1.9606719928659237e+28
-25756480297933524 38984326451539120 2.9972040336092796e+30
-10105224663565072 -12370075154791352 2.6643322759057477e+30
-6387833202121648 -20373371798433532 3.2918524354391975e+30
-56925200818927368 -38883632026823296 1.4653571880846631e+30
-25176721380724344 -20786117398477736 2.7416992441797887e+30
-35158964277293932 53584076396100640 1.4409750205859725e+30
44697557159334368 -16024679308214686 3.9466494389009558e+29
1.1665977307630099e+17 80210215354165008 5.4557384184192598e+29
9333776678070698 -26977136533019056 9.6332997900243242e+29
5545143175243063 -31909460523634984 7.4001086528834633e+28
1950667262501159 -22442715992773620 9.6539445597871646e+29
-4872612882398848 -24113064533776016 1.112560602423091e+30
2832298050965820 24354189655532984 4.9828652523053982e+29
-64929328605214.836 -16118716779573578 7.3701549082327383e+29
-13579282939090104 7138895811667064 8.0233631884660514e+27
29452771042667636 20219921263090068 5.447895572159377e+29
30171708573360228 23869504640402700 2.9732798211383256e+30
-72597457011012256 -24334710434628152 2.2596939693393839e+30
29735446162537540 -36088472082679240 3.3736933387733981e+30
-6173268052672079 35766998684757464 1.0627795353798154e+30
-1612513233988718 34412184602056696 3.5924751171774964e+30
-8978170662759368 8459074684372251 1.0126055661280077e+30
-32300387444258636 14857453851475512 1.6036698570394016e+30
40518267508950512 19814884013953056 1.7135461069985136e+30
-12785738635944988 -9675135998824974 3.0368687303832408e+30
33041452641178388 6710830012470230 2.5853913038503667e+30
-83948980034789056 88988147836568576 2.2612715275600383e+30
-14464302341624070 -7889753674711119 5.6605602830212627e+29
17013344475405302 -57070174359313.383 2.1290846208804668e+30
3251959377568074.5 -22770510908320080 3.5738593729112392e+29
23525616933050028 -17521862077030416 2.1023858705659095e+30
-49703592361778304 -27430127357484300 1.267339145619405e+30
7733608204754863 -14846895160811838 2.7447619775303608e+30
-1328464123876034 33664401000400560 1.6854262148825967e+29
22596603538642276 -15449440167288548 2.7379523343048363e+30
3448854093794155.5 19877687453526036 3.0298055640783856e+30
-12973257447039486 14576794440272228 4.2989138372767154e+29
7325731049160855 -53266171092754176 1.4343507047248711e+30
-17630668002407704 23570271504332948 3.1127127784239005e+30
-4079452822751767.5 -57628652296389336 3.0862086662769121e+30
24157114242823128 9454254546524560 4.468645202824716e+29
-22844009465082316 -6854547917981198 7.3127756994450866e+29
-1.0819045664637136e+17 37867893785685520 1.5688578482064745e+30
-29666840575757800 7403102838821130 2.3417577277727065e+30
47298853548679768 -36442431388316224 2.2944159215371355e+30
-30456873100386776 -41995804785828280 2.6155695828641337e+30
-9466891854837726 23751014936937120 7.2955593502392322e+29
-45386372860493184 -11259894913017732 2.9693645775438104e+30
18521718475620388 -8423441582096188 2.1799271829042873e+30
-26248336470544448 -78210363806158128 1.0696781275691274e+30
-9486445876814428 19218867121172752 3.966820145361291e+30
3781385747576319 -23691302859965148 1.9956554091840969e+30
14227790918470716 -29118011756222532 3.8119275883028715e+30
-57532796836107688 -17046301355602716 2.2429847175368303e+30
12348342180553380 -5168618283275655 1.074578805040702e+30
-15823898254989930 36621287384849240 1.3786984322946662e+30
43906160279857240 -11371532658245332 1.9912026077991803e+30
-59564437238122312 -12672671855804362 1.4566428968256318e+30
-15822990219471018 22774587823773260 3.6482027668495188e+30
1186944641970570 11074136264569440 5.7735905070524925e+29
-62687245352663888 71673193531997160 2.9874920674240776e+29
-15057731832729718 37499964729947808 3.7919932938313426e+30
-75641526466523520 -35348522412070588 2.5358912275932332e+30
24758777006188688 10405413732804754 8.5367249784715029e+29
-43425980180194168 26311769829888304 3.9298712273264664e+30
75704578903772368 1.0506195066363112e+17 2.1896964538416822e+30
23943542929775500 -33532963160208708 3.4789946137370881e+30
-25173956671639808 6124205156098071 2.6043217681926897e+30
-28164661815311820 -62151201275695464 1.5657478012636977e+30
-36264427094879304 6707972209044986 1.2720463707380082e+30
57792737777331552 32921381776066076 1.4345756322986118e+30
-11210386884947374 -61063577831523432 2.6165297512207735e+29
-19576965547526460 -56966894839091808 2.2232299354739992e+30
4086119487709320.5 14229749524717144 1.2612071275179286e+30
95009729122408080 1.0793134902961934e+17 1.3432473573908458e+30
58363570959400904 -1.0942436522463571e+17 2.5593947007123404e+30
51001777160340128 -13695896055488138 1.0000768544170349e+30
-51154846093532232 -16256661082204638 1.5658870833365004e+30
12108868454842324 -5414177189349615 2.6032069498512423e+30
16177638820856692 -5103110669587871 8.3676902919629698e+29
-3536502751956637 -51382499415838624 7.2320466571700209e+29
-67418589682889144 -43460487263281656 1.8897493003446941e+30
26169292008364800 -44695396540510728 3.7918749018045739e+30
-10724899087914686 -71356216929186280 1.6218669413994335e+30
13705206024528760 9858331228169866 7.3604106344021863e+29
30197976512833508 24897872800893776 2.0664174839966342e+29
18288028886247716 1463046038374517.5 1.8294509201112868e+30
-26319843908193304 -62829216965228264 2.5811618883441259e+29
-93699846554444928 29608642072293540 3.9142324674585164e+30
-29470818561828256 15321342033193252 2.3579099092998679e+30
-53448330326941944 -36297600071863784 3.4781930112033693e+30
-11347521332212774 -17514868302504606 1.6623238389185731e+30
8905044562733103 3578447398004375 3.8694119312444098e+30
27481108692535644 -9574565802337516 5.7857004534915363e+29
19831567561582044 3389699295116174.5 2.7301792537054738e+30
-30469086452274768 52788971371520688 3.1682650440896253e+30
-13950352400040388 8416166823304813 2.0849257725102479e+30
17700741537822778 -7219902489649611 3.5984499124570684e+30
-22204140472442804 -57807155551480144 1.1398803992781051e+30
49414464815528048 -33081230553020116 1.5730722070972974e+30
-69219008506548512 -17847326538018376 2.8507001505100025e+29
48755746227376288 1.0758247773620128e+17 1.0613658826215728e+30
25041061430189568 10864183771308276 2.0287179203308034e+30
-14820177134212934 -7500796450293210 6.997163696634553e+29
-64127395730893968 26646608881828252 3.6346209812345988e+30
18929329548260228 53808424512522448 2.4613988851370119e+30
39848421792170736 45949238279808536 3.0713777195953553e+30
34795422417952188 -29411782514556736 2.8754337489933435e+29
-11521758563685668 28982450934811164 1.6568909783798643e+30
40612422933910856 -20602196178292280 2.7455116306216162e+30
1.2301172635832595e+17 74923625174228352 1.6368020678454287e+30
59443134037186944 18419483908294784 8.4944625072115578e+29
12129001081631200 12574612862167084 3.1052795130161702e+30
34630784338060892 -82867739068215568 1.8039282923432193e+30
-37437522554491224 63295553173695088 3.1482823686713335e+30
-12114714455100434 28165891954613820 2.185650760418324e+29
-9962220121175182 -75660757683131088 3.1033684021393228e+30
-7638591466477474 17990103730567688 3.567812962160398e+30
-44420690988011816 -92607939043667824 1.175875398335344e+30
-68918075395076296 8768743560420052 2.2531083505427917e+30
-28816819314826276 13400318648314890 2.8347427912877255e+30
-13024899157948098 25661289947739992 2.8985734794591587e+30
6789090870101660 -84811339177624864 4.7015034652534808e+28
-15651386025756740 24206507819586004 2.2316249901667455e+30
-43949872757321640 -14552922294556886 1.7080940344056409e+30
-44629335428248480 -15297901232435696 3.2562001215131125e+30
15832363893904140 -1414387944566093.2 2.8001201463459498e+29
-69985683550341864 96554519361356928 9.3804498463557091e+29
-64802266579429920 -33141308191226932 2.7092067314235582e+30
-19240188685911908 -2319354482328073.5 3.6355003332774555e+30
43433408193841048 6055571273098080 2.5574637341744414e+30
-27234122876442732 -56430787662414016 1.2596452128557376e+30
1.027253158214923e+17 1.2597348893622848e+17 1.515341697864996e+30
6068559714428691 6504466246988808 1.5681941764449606e+30
-47624576906358320 62581365253328000 3.1828974317943203e+30
-62566083464914080 5183516161887973 1.5353017295305765e+30
29001511711601564 12323585872387764 1.849141581188569e+30
12604079609904800 26063023171374712 3.2391180508835767e+30
-63941088805234664 -9323103481620160 2.0080518194651994e+30
-17780665530274460 -2376006882785690.5 3.5852218936060393e+30
-20780454304625608 -70564788391778912 2.0086652777919388e+30
38750571450495656 -19610775066317904 1.284336554464423e+30
-44525540806176712 -55733026233293552 5.3174911238918307e+28
-24397915792417660 46891788268479704 2.1133811061957376e+30
-1.0185103533528656e+17 -66555433074190112 2.4228236487226088e+30
41519795094624896 -34979243115387280 1.6206962076325964e+30
24807061263063364 62084478900289616 3.2289089288008718e+29
-11801014730446384 5311204439987735 2.1035862800350789e+30
-7873301770355427 -21232191678464064 1.7111899209688518e+30
-32159321458183624 -35241995044510628 2.1710112697682271e+30
28172904212119524 16789381039633012 1.7566744800438628e+30
-91896623228654816 23119208616032760 3.373010278481862e+30
-21438304309051468 -48774972813262176 1.1263315067618278e+30
21060186889476588 36312044759208688 5.3848507392597181e+29
13344243721701864 39220883540333480 1.8511900231901685e+30
-44813344966523456 -24588383655074516 1.6165609703170244e+30
-11983766291399600 -40817860752668048 2.9602450378475794e+30
71268361019175640 -47262589172377120 2.6525433435096586e+30
-54513210935009592 -9222245929685090 3.4130647791662102e+30
30895668219854688 18376599883455744 3.1125409923780514e+29
54749075597747600 -32226718140970404 3.5414516700407397e+30
65187207738801856 89545216906201744 1.6821244684555747e+30
18073038125948368 33283667599986656 7.6042710107963783e+29
-24358445456286364 -67213645327764872 2.753330967810359e+30
-17218914073693224 5365447660812071 3.0490897957606751e+30
-9647587570879760 -23840765560409220 1.4553753097415766e+29
500138213526865.06 18687394896165492 3.1180611939707794e+30
27039582840015064 673786524731525.5 2.4445618437998783e+30
-20143951991015688 -1166669896685922.2 3.5549776434197231e+30
-38328380547502688 19081723635115760 2.7540847525083181e+29
2505971604788924 19133546135595072 2.1484254006051735e+30
13115031961548066 15496000148937444 2.3033169959268909e+30
23601610617604428 -17699244525681802 3.8267843063622561e+30
-47116007279073248 62282487947411640 2.6047556603756411e+30
64537038948080840 96447370835675968 5.6610061788949466e+29
69084451904315856 31119023160549100 2.2208983343694425e+30
-32749533083111284 -29867381514131604 1.5934538720599521e+30
-1.1874974087629435e+17 55751893599218016 1.222687809595442e+30
-15733678947681480 22732437691038196 2.2788696595773581e+30
18482833230837616 -8365313768773266 1.7957813262761677e+29
-75794185343000576 50778961254670896 2.3860284473105356e+30
1.2718356439742832e+17 92335130857683856 3.4545554554730693e+30
39698100894244560 -30347229701030992 3.3074077914094312e+30
-17789993517671584 41760744617004048 1.2972662518414447e+30
19969598500914740 63190253388022288 2.8207814762303209e+29
-84363133837976416 17422654626847386 3.1341035047327451e+30
-7022051622550458 34146141253873448 1.773423616577849e+30
-44930410764030928 -56085524706674856 1.4376444000258258e+29
8810569875989044 -8648946458566105 3.8230118290599802e+30
-65970825074327824 82705346248740416 2.8877020545388003e+30
-57902137393979776 3730917752406348.5 3.5526286718865464e+30
-19398958015607232 -54610934318696496 1.5527998303752972e+30
6976065618277841 10318306867081268 1.2884168130450644e+30
-9088195201470654 8340917325289000 6.1153135842185291e+29
77688096623233904 14378864909225270 3.5936597176022019e+30
3474828931829466.5 -13346395078510606 2.2726143754645741e+30
24453296693659096 -20086440961138140 2.2072829687276859e+30
97779845493260912 49150574361478392 3.6185422962210825e+30
13633382704238278 62911963847332888 1.766063892281322e+30
10055127330771742 25608844084200396 1.8313717081612579e+30
27301150367029796 -15051326953297706 1.0576474449353665e+30
-67347363623044664 -79341491720509872 2.7653269077966027e+30
11519491188537584 27162873082423460 2.0123150056682983e+30
-54395110399185808 73662175508758800 2.5359533994830576e+30
-3347986595082319 -18443713467931608 4.7404932531047963e+29
-41923026550985000 -34985145336100400 1.4712557976676558e+30
49509039135317280 10072459872138518 1.0345054104320064e+30
43085424951001264 -1.0494655582990406e+17 2.8965029115044403e+30
30051279803550824 50749005134098584 8.9163502209302915e+29
-45100614193818368 -3584204655458191.5 1.4590937313812946e+30
-48619666701825424 32701081418860236 5.6982912844577339e+29
-15938345653365122 54510295138752304 2.8151096650358076e+30
21381948129489264 -13066266065550372 3.6820613061369001e+30
-894677304157407.62 25816512577264716 2.3735090476169093e+30
-6549127224731191 -33817107875421224 2.7128228530126353e+30
-27963308899288444 36676345228835872 2.9988719562431927e+30
-25793550469665816 31260890005058288 3.2037557646382707e+29
17290399643769256 -29955034274219148 2.5308091777503033e+30
-38652037491130224 -46137817674310792 3.4940077443112886e+30
-23171713095886124 2756151851766078 8.4910714322323358e+29
2315536278318384 72088609521384016 1.2264943096474647e+30
-52313918670264992 86231312991035360 5.5230944449376938e+29
-28166449268425016 11815698113730770 2.7325349329254017e+30
6954117372650114 -25666545267351876 3.5280807963404801e+30
-58932537359153888 -9120738694510832 2.4788526620032902e+30
7654889463928347 22960253500229164 1.69758699618376e+30
-8672310516271148 -13737756554828624 8.3347878655923084e+29
38693591698779488 48486817443365016 1.1107503653573804e+30
74908506017129152 11084550720241064 1.4783993049700593e+30
22151163745713180 45687928836798648 3.6793208276552227e+30
-50307430531101960 -87233789513798512 3.2995074574121932e+30
-12502390395271780 4488566705047227.5 1.500228121508057e+30
-3402226129779104.5 -61832766818427712 2.5031809700664221e+30
-21698624663263628 44836134298884488 1.7339381238584273e+30
2109071762345406 -22553770572487968 2.3340739209760772e+30
-29080338264104188 -11649565195831784 3.9029884111768914e+30
16846271327075644 -6015399862498502 3.7941179601938506e+29
-96764581637529616 66029709809905280 2.6778331766008582e+29
-62978494668997664 -47400479730134472 3.2908014004021684e+30
16178945967282690 -32719178129857624 3.0106487042540119e+30
-40073667086238824 23429109779346256 2.5390974080932351e+30
-18896953692460056 38569791322262728 1.1443895807910374e+30
-24618079220369096 -73433988129742880 2.9128320426407347e+30
14907922626909138 27289813335367056 1.1176398808589737e+29
-88246976206976016 -67335094241050696 2.097105570100277e+30
53346441046859392 -77684839161271952 9.8108250907576953e+29
-1.275885860998651e+17 74462178594339792 3.954202528645964e+30
-12114832359878398 20824638537807168 3.9058426274979667e+30
-10543792912493790 -28719161798638392 2.7836912102814784e+30
-16571410039769102 -397789942469144.44 2.5412104939366049e+29
-1.1859936544204026e+17 74712130664135312 3.4690097840449175e+30
23509555863100596 -57465737933109424 3.8492877058896497e+30
50845667577424088 -2079432776665483.2 3.5116928230376562e+30
45323886006403904 -10724532487160494 1.1519490261090296e+30
-51750040570991128 10999917742888942 2.887061747065893e+30
-77725100231791472 34150268013954500 2.9810910987015942e+30
52840330131042080 32880782595790920 1.2110440615706719e+30
-882587101846873 64727078323561080 7.0151674879945594e+29
-34358067860991468 -79112708115409264 5.2168802357625131e+29
-92498115079587536 28112249987833280 3.6478972338835043e+30
32241267078894660 -20833214007278228 2.384648012489881e+30
-11306844730682020 8701153609801041 1.1845163298778844e+30
23075450176547260 3264306109174740.5 3.1996690276818277e+30
87352667735045632 48041894412943928 1.7134768380578692e+29
6382991136587966 22069445837524788 1.9224674892612824e+30
22290037918845344 2496124198369020.5 1.9060502756317809e+30
-5220909989928461 -69797852869954968 3.0730035567875205e+30
-2022748182471141 -17534354096297306 2.1798104487419979e+30
-30041716047899704 21350495987407644 1.3131528474305716e+30
-76512061967810480 91122483264670560 3.380513526856827e+30
31478354267664876 19220095800004176 3.1119151504345651e+30
29651952558310544 -36529123109007584 1.2296533115000884e+30
22839798610705324 7479803418321952 8.4238906792455392e+29
-23681092937132396 -12946485551621492 1.4565200203782193e+30
17360560301406670 -7219737424349547 4.4056178213772667e+29
4045056316975987.5 44799171827905128 1.9024551118802135e+30
35643280955276288 -29016046983607748 1.9575351662964384e+30
-87536564919239872 -41927427584437376 8.260180772767327e+29
11899673207248824 36607772360679144 1.99420945441321e+30
-39135726971603080 2883690042503095.5 3.9557577423305336e+30
1.0512265229703867e+17 61905519635339104 9.7155084042233199e+29
-57348103829756608 -64043518009949032 3.8562204053668463e+29
-42493017825798832 29180698417264640 3.1272355127321648e+30
29509053188505632 27796042791790836 1.3060942760830692e+30
22737533524635936 -29561745862335388 3.8308427900891693e+30
35864841656672372 19846834367343940 2.6489738632170521e+30
10051428714230740 -50564051826571592 8.8570266106397086e+28
-3387631601863719 -18376916871751972 1.8825736058470826e+30
-29994760777565484 17507865271033144 6.1544414975351242e+29
-3938682933869874 -27959443647877364 2.1282690527801545e+30
-27739562505252804 40651471380340304 3.8112989626862296e+30
3157920378887037.5 9295917610925844 2.5189609009205546e+29
-5958542779440220 -23488632073311448 2.8998000963199352e+30
-26983872207684280 -65684484857915864 5.1574071734508226e+29
-1353881184487323 31666174802900756 1.284913312486464e+30
-36567772827129112 -74204960591558208 3.4048589030654261e+30
207745634848916.5 40137086162838352 2.0200704404544578e+30
-17680635719498406 -2232056132444431.5 2.4867486935506719e+30
16790334397985598 2805373800792620 1.472545097508718e+30
53473190729441632 7908138056853743 3.0560744602651223e+30
1.1389775645195278e+17 60116403911738296 3.9650500452176793e+30
-80272096876543952 1.0047565335281035e+17 2.9539762589418334e+30
1.0746977187023152e+17 66837520227204008 1.9979249525781411e+30
15926322891084814 -1308092007913670.5 3.4439374439953327e+29
-7219840661526525 -53281646444125152 2.7428931816680853e+30
71597763280016456 -56964258210226072 1.3241953935860773e+30
36422417246212040 92916679938703424 1.9816936673124943e+29
-28010410542393992 11464940427385124 4.7378012691731165e+29
-90552872782549648 27624641749103616 8.8786484990472257e+29
10822230713596198 -6708102192950624 1.9199643761434827e+30
-19081805491676248 36692925640170544 1.8719155609509013e+30
17749162248016830 42646112936586120 3.7553477483690473e+30
-14572243436188708 6882220486786065 6.8552742735986552e+29
-47830937223405712 -7044759216224075 3.7079419585211558e+30
-72829417602453296 41947464309203288 3.9644023974409925e+30
-30167513909870484 30398009864935172 2.1769580673373367e+30
17051914015729740 -20042574861946216 3.6136166949290712e+30
2478661263391488 -28540330691222268 1.9180094554451814e+30
-1939576624609863 13718316211738728 3.4794932289814441e+30
-5853335443419987 -53053106539544656 1.5052792719456286e+30
57420365528081728 93030394392055008 2.4749112244974776e+30
6564997636845256 -10703359767220956 3.1700873788359401e+30
-13927132610061082 -8469801670472778 3.0333753130464453e+30
41374632386637200 -36082937664279736 1.7574260688125833e+30
-9576780034062580 -32885773199330660 3.2540339130163926e+29
-1467640060462313 34094659040672212 3.3930953506309427e+30
-68388851625811744 -17253355064440320 1.0249130207361923e+30
29654673984053544 39984535127321040 3.2441865344994643e+30
22263990502363140 -14774497662740188 2.6817491650016113e+30
9369596996524632 24102507501897924 1.1705371228118885e+30
-32711313528368592 -12896614025338884 7.8063484451142606e+29
10342068950919556 -37799065939655128 2.8301539900890415e+29
45990788064957248 -90446659547570112 1.0306362072723073e+30
-19846458404979852 -21388403668671024 2.4673507789782775e+30
-1002468173071770.1 16195075259805816 3.9116335773778113e+30
42593364903930344 -66495890091933968 3.517285562611629e+30
-88108528365251312 91237963720807312 1.3972209400150784e+28
-18544452792401940 -43625037206153736 3.6023427547138808e+30
-52313909491301664 34025128133014736 3.5636602597882093e+30
20478905917023844 -3395698428932501.5 3.4718885730870378e+30
80863356820073568 1.0070329599368413e+17 4.7026441571299555e+29
1046823447117196.9 11197233156432350 1.3992758122451042e+28
41022444999164128 27715389427702284 1.3549822715745061e+30
11959944933983548 -15435950573343110 1.1609639109864624e+30
-94361683452343472 25830721281092364 1.5649089124579626e+29
-26374359395099308 -8903486705670826 8.7707994609341473e+29
-14259381839114126 37312944350951816 1.1896423409718822e+30
-17747884586183892 -68021194017631120 3.5092988149755228e+30
-17089449408906394 -48206728433710864 2.0629498206528792e+30
-69821464351212976 -5462278495536688 1.3054820365405023e+30
-20839561478405572 -67784912518153056 7.8682960603740895e+29
24083740146699076 12556509495216352 9.1742308072691341e+29
6024070941488924 -25113338488387216 1.6655739904453e+30
-18548436648194020 -3504482888074357.5 7.3155611881952766e+29
-14601192103454446 15564726308185388 2.5033196830329442e+30
-37262797365796888 -56545010308591304 9.0116729831725163e+29
252755415213698.38 -31347621409932620 2.9094633626140103e+29
18643063845919504 483532194927473.62 3.4368224390989249e+30
47704408347663120 -70364370148804200 9.6915830212083541e+29
14292612660709336 -90919251935461808 2.7340003403131352e+30
17679321408341584 -1.0326232679003174e+17 1.9926053145076398e+30
24900803379486188 -21782202776935888 3.1697198986961224e+30
-5796971968073502 -20015961787687620 2.0175896603068078e+30
13780418152718366 26708275290418980 8.5140913577880908e+29
29867915273124432 21819770539201588 1.3964463155278866e+30
-25176074922626976 -18498697555300760 4.8269482919253044e+29
-8528460142439602 -58291381640543496 3.1450690933490879e+30
-15064266718069980 -7231813538729463 2.3760861561347553e+30
70292164183929880 -44405558032707608 2.1642992945855139e+30
-5853660131677572 -20050632199516684 4.0495517767445838e+29
4344714097314266 -12623518675185668 7.067947221714024e+29
51621358576938216 6641055510436679 2.7151429051675253e+28
-3719745122233633 46732124111707544 3.7554324675312596e+30
-5632783628541906 -83972123220039120 6.0483196760208794e+29
-23071418327051096 -50041872492125704 9.5835463403490304e+28
14102725769822150 23737455066187600 7.7500440807415054e+29
-3659510762137552.5 -18651615778347084 3.9622146910655786e+30
-15791365093612202 45654564581388424 1.6447987216514072e+30
5893206257983741 -32469516399213684 3.5654516096387013e+30
23233130266434788 34522568227220656 2.0695125239547802e+30
-11549502734925850 -61257864785869968 3.5316867046197286e+30
7613634859520975 4937281514446710 1.9970204288049109e+30
-45895456283963072 27472703768768000 1.6876891382468811e+30
32582449868277496 -7326737297905375 2.0949258970898932e+30
9866053162350586 24420288737355552 8.805669872915345e+29
10313637433872056 24701682366616216 1.4677551682627779e+30
-24966932816348332 -17140425471967742 3.4675561928201511e+30
-25466443532099124 33376290082892284 1.0531708420338635e+30
-17355581132524690 -70631027646759840 3.2760019716866132e+30
41821751299258632 12996598996057704 3.7596486686857521e+30
-15531855877242736 -11458385146790928 3.4036047599059429e+30
-54260118056211368 -25426791173704664 1.4563255458443243e+30
5698922688486942 6870356569533819 1.8314040706181232e+30
-14438563327645056 22093300855752736 1.0079497884989376e+30
-7447043741526899 -14869086581110068 7.5656263574544929e+29
1720397079718960 -42862907857697024 8.9297638798426794e+29
-40876976226509192 -93979933777654880 8.6591582169412868e+29
-82853923758712128 -41782632727116888 3.1830360110302164e+30
20282272521036880 2973973704562464 1.0631570230266321e+30
70169844908834752 18215950119590516 1.5790589761025056e+30
-29669113304518740 -1032935417822096.9 3.008353639444229e+29
-28413316941848268 34702811358577616 8.0365471416556286e+28
-5359923114767245 -19745988805569992 2.4342403014949474e+30
-80820544752212864 -36056051567519424 1.5327185483714093e+30
-20829147780208296 -7163674141485230 7.5515637459767539e+29
47443885856101664 1.0657628018069811e+17 8.9115501376045427e+29
-36623182085061176 -51840258392518320 3.400217246713292e+30
-1.1296870547764144e+17 97081265520418224 9.9713512777556061e+29
-41225395398755072 -36673128942011424 4.3691373653396553e+29
-34358408765209800 626422889949945.62 3.8376310828467615e+30
8596546551456584 -59733560665870336 1.4966957097424527e+30
1.2623220311497581e+17 1.0549294067064062e+17 3.4734553000753453e+30
55285444937363232 1.0146162409849437e+17 3.528424230120301e+30
4548627856179469 20721281412855696 1.0047468748496082e+30
-15294916229193094 46641329583829232 2.8508131864648191e+30
-13221561247090256 33001533367253984 2.0711137672220845e+29
37788579371726456 68428985893100696 3.477286198800957e+30
-41038543228026216 -1659477840278151 3.2798467175187794e+30
59133777372318256 -26643387955544828 1.2036456438522384e+30
51605291952891208 -2157080275431992.8 1.8189996422425779e+30
18368892823326700 -69514589362526536 2.5308709789894218e+30
-6264820844987386 -20299687766173720 3.6741415738339835e+30
22291400706484940 -9926466501438458 2.2174110821354379e+29
30924136379518792 -8371868969503649 2.485939056437723e+30
17953719859818440 11491895590920418 1.3746109286763668e+30
-30254678058101868 -83887997711256640 3.7895587091907272e+30
-2482374265537928 -17854277211219960 3.4955415989664697e+30
38234406936274768 -75952810157925936 7.4879048819394235e+29
64301030138608816 98955562015285376 3.7606006116690419e+30
22418459925212648 41503472911334696 2.0125331876668594e+30
19840092824049636 3400626732682122.5 2.3969306080025782e+30
-3750771164017520 -41219879969663440 3.4731713850385156e+30
4334817409849471 -12631835402915192 2.9054761610102906e+30
18734024717400700 -4656167904625405 1.2454399516314234e+30
-74308197974324464 36799486594857072 3.1744865869702998e+30
34287483412729756 58833058962034432 3.7831494232949513e+30
-60020344360983944 -86986393793131504 1.450396320802013e+30
-9971808196767072 19528249131921308 1.9037228969815448e+30
3133637359015189 9318363361864964 2.5929964848916203e+30
-26768785781948416 8935512250985229 2.7663982565639059e+29
40001219322887544 1013725868703089.8 3.737363804684712e+30
-48878655426005008 5101908291066780 7.0028482156411113e+28
14587482159075902 18098485071059664 1.7933725794528783e+30
9062037184471076 3410073804133493 1.2360922608941373e+30
61494332129120064 -27954177392569880 3.8925080468395212e+30
2121661538127345.2 -22562572773505704 1.4104263628040189e+30
26095110795114332 5578801506704899 5.1728542035552296e+29
-9532411382047128 14047162816462958 1.0244988559785951e+30
-18865805426432492 -30478611169198204 2.2816533952589963e+30
-40081540209487608 14598990947893738 1.6759470590210982e+30
-30298716133751416 -64381070134402880 2.7065630771319528e+30
-69140937461039280 12333635645218062 2.5822428468556486e+30
-48429914782121096 -62898499659727984 2.9037504617741292e+30
12683185081424688 62784688007420472 1.1490281864470623e+30
-14660682235669880 1839840716956441 3.4509322775262514e+30
-53408271703624496 31779406132419964 3.4694550454492472e+30
-13670587921228864 21690692946495840 2.2213113352921589e+30
10936918179800744 17053541721490918 1.452377980109774e+30
53182441862851896 22668751671820932 2.8563556564405252e+30
17556282310785294 34384861480869016 1.3557640654731345e+30
21216880359734832 -30068279497065964 5.2867590177235652e+29
23423755212727604 8338379335440723 5.4024217388229559e+29
-20761296494877228 -27068627242382052 3.668700752578525e+30
66764872749206416 38674493907675600 3.3276535840181141e+30
39485065308797616 5848118535879301 3.229499473985595e+30
25241844956523576 -24709032166092728 2.7830122704690102e+30
-81358050353662448 8005884691502558 2.0460563821268664e+30
37512186239074360 22632244878562952 9.2603025148603023e+29
41103322493427320 -34679575678957556 3.1837790016083553e+30
39016500024716784 -26292560129808704 8.2423974045571238e+29
-1.012563088113148e+17 36658739250806256 9.2218841463396613e+29
-20304985865921012 -6273644459268650 1.1809783919593982e+30
-28941680211800832 254315730621331.5 2.8127894343668303e+30
-1.2404224443050307e+17 70983258676303312 2.1102712754075247e+30
84777715905144288 -87988581876628592 3.2532448475577875e+30
-22402440834083556 36123833103548272 3.6580782279292484e+29
29047965203265852 66562046552183832 9.9170395072365119e+29
-53554207085761624 -42445380533345232 1.224098665700568e+30
25505259619348452 45455437615825648 9.0868021530388387e+29
-23363184652766448 556553588984736.5 1.9870962432261082e+30
-32013383215549928 75908355601989328 8.841895369020516e+29
-24687788199569540 -15945125733007534 1.8601923263949303e+29
40959124821268584 -1.1374831514139659e+17 1.1828123104912047e+29
13652217222290394 -28911456613047264 3.1602214754549184e+30
-8388506596951221 18498357732932956 2.4741534690355153e+30
18731037869585664 2005861442726361 7.3728475151298876e+29
-89941731242126784 -65892273098480032 2.2493040072416511e+30
61073095587849112 -1.1462393858327346e+17 6.698616425080136e+29
-4574428538207630 -37754770589980064 1.5862066345629268e+29
7092473631422267 -40821881767648456 2.7044679694257638e+30
-757374608735083.75 70124192562538864 2.1587890057340105e+30
20940751281688828 -12316793001907706 2.1886157528779785e+30
39786777166382624 -2864565109097520.5 2.5928875978428445e+30
-38786714584154752 2925482869938654 1.2316368723015379e+30
47720936487869872 -18599576345633348 1.6283996093381544e+30
350997618585521.81 21810409309374048 3.7927366190240847e+30
35297065008042196 -58213294835970424 2.108621056602634e+30
-18103099163556952 -3720228051246888.5 1.7615716360456978e+30
-26908821121475724 61676242289246696 3.4004476656180128e+30
79336955472272224 -35869187262911204 2.5767657807985371e+30
6253838772910195 29090109079858008 2.8561387652983417e+30
-12257957184529820 -31592245943993908 3.3627601083331927e+30
-7628601630503199 -75188728984632096 2.9618345136303773e+30
-42240110415019880 -62849363795899432 3.479771685656868e+30
-47117151528197888 13059551246512498 2.5796803572869402e+30
-37704209265120544 -56383685554353864 3.4810531432412206e+30
-71673232512886056 3297052360066157 2.7647367392578636e+30
-11921586644184504 31044172287737408 2.2169064654219653e+30
10370727468945382 -50569765750461488 3.6839160674269056e+30
91525844767227504 -94094820894548384 1.1030278731242257e+30
-22303641250973324 25006264835687588 3.9432722493550168e+30
2516140417543876 21512313545153308 2.3011146870871269e+30
-17440746946590996 -4512990143501677 3.7179975692835913e+30
15889795006901860 27549201303295460 3.8103981765373023e+30
-23819670901289044 5685730141269286 8.7976494145883035e+29
3027916441646031.5 -23186733357008832 4.0189764257129527e+29
-18118318036013476 23764987352056460 2.3997435919342251e+30
-42953111793239968 59284865225789120 7.4985463403069483e+28
-61962955812110720 9245722120974562 1.4839494156803725e+30
-3450207177321887 45462051212810896 1.2386653600456995e+30
-7181970556439020 14809174603605378 3.354238445063659e+30
-3390343801463501.5 14039357116170908 1.7345041333339339e+29
-24513746181707940 27110225052635560 8.5587661106215494e+29
5101548258217030 -11981174091454124 1.3098425812180527e+30
3760734808287589.5 -23677649737163404 2.9957731515002991e+30
-24656661989003340 -15829528205723960 1.8358108138692346e+30
71156336504130088 7799037666006487 5.5833567505881543e+29
-1.0643289590713757e+17 55820337582754672 1.6767892955109918e+30
-36729273400458360 18640654003508848 2.5556687102103934e+30
-56845966319594488 6210840958051463 3.7596299164153613e+30
-23377622081442940 3310665660455550 1.3450077834278614e+30
15773660558040074 41286114798871368 1.7397903406930121e+30
7648643415580698 36426291369886736 1.9881741707306129e+30
29279699321779536 77105939632225472 2.1413513078018505e+30
-76864784639198192 66520305839921504 3.4514210318364204e+30
7696416835406411 47372151601159064 1.3625827105095212e+30
7285703421038413 -10056528944537658 3.1589498287743147e+30
24526504998275632 -34384898598760428 5.140468883885144e+29
43315945965832656 -31058239542516692 1.0849139178534022e+30
-41887905366912088 -22946535486225664 1.5133497666555115e+30
8950677398631454 -83025746801761264 3.0903078663839382e+30
1.2690528850248926e+17 1.0036256918852421e+17 1.6589491018353148e+30
-6445103595015518 -63778514830872400 1.1349553035816262e+30
59776738909913968 1.110415641221079e+17 3.5067670648211009e+30
-8753958841006655 16659794225439550 2.337359314036724e+30
44077677710816328 24645273525246116 1.9323002583428548e+30
25408714795682428 30170745995602496 1.7876513710252598e+29
-21939065555575468 8723145791374521 1.3187734815255542e+30
40101521004043328 14775401039049060 3.5137409239773965e+29
9001834289459613 56161379823706096 3.5367587591597195e+30
29731622635339964 21233537503904672 1.4116138801942065e+30
2498804066082063 -44015202173438080 2.6227554283750276e+30
36770337498147064 3669652363436472.5 2.0933008488011757e+30
-72861224053315360 -8444004028914246 3.2030811172381279e+30
36194618433955736 -75573039781231408 2.9536326462577518e+30
60376444615782416 -11159245711879808 3.9026264877311281e+30
4897245298017104 20983191492685160 1.9865870784668688e+29
16382427249129570 -29758141710008840 3.685123347640424e+30
83791100391175136 -54941435845811088 3.577045856841262e+30
-7725055245039582 -14615414492319742 1.5897271579555832e+30
21148497705509816 46012928157677760 3.0035902301627336e+29
18255123640940920 32416857080618976 2.0488706733996775e+30
-72712393926855680 46886499984701960 3.8258093184343768e+30
10173358880266558 -29224203634679244 3.4922923035585906e+30
16607285466071714 -5904273384231104 5.2792960894556864e+29
10997527713722602 25122125963855048 4.1303524477756037e+28
-1.0908931714704074e+17 1.0052494521359504e+17 1.4381924463108135e+30
-1788691110378735.2 -19659831909056904 2.5533202210788316e+30
-38935313697286024 -22624082053034024 3.5137691681217212e+30
97053477358836096 -94453343365564224 4.910789867137801e+29
-11323812309205376 -11167671802397022 3.6713061800031767e+30
-20204424064019528 24489144769252872 3.1110904412978346e+30
10165620259154008 -29345289767968368 3.3797783467800239e+30
-158901132839368.75 12238551012250030 3.007334045820444e+30
39723455719384200 -1.156107631306351e+17 3.698641083703873e+30
25822648098545220 14694574807794890 2.8421203916084053e+30
-6386892369226976 -45471790285506536 2.0475708952779855e+30
-36506590554002384 14802519421755984 3.9559962385597175e+30
17416812352350822 -29978495532886652 2.1072327828536724e+29
-18219643074873200 23804311408472084 1.1014964676653729e+30
-21652261117478008 845481952498839.88 2.8866139399849111e+30
-43460176834870216 -39665480355763016 5.0171685475256752e+29
31946669076833756 15016404885438006 9.4329847627186555e+29
69321093809957864 -56678404476833224 1.1780611733140207e+30
1122108045966333.6 11131149597164540 7.7187885922686795e+29
69498089721506720 15586546653071840 2.7667222577164943e+30
6963910171039933 -75530409154626128 3.0677596556196831e+30
-66133780207712656 -4367459090586122.5 2.5871884246971527e+30
-12484667207287726 28465621830702392 3.5940605988645965e+30
58939136900427120 -38242174027782088 3.577947184621823e+30
49682609122871104 -12844616189282476 2.3722034856567403e+30
-33356962709684852 10407361885286456 3.7842501643188957e+30
1.2709228373595958e+17 1.0761916717434317e+17 3.5609411470450497e+30
53074128073625056 39772818548369752 4.3892151160981461e+29
-24970382545393776 -21803002909707716 2.4036628296244381e+30
-6441898709075813 -57027188598114072 2.3944789753438865e+30
-21539641868161232 -8431476109992828 2.1860465745357081e+30
6593934890117703 27865941426592100 3.4115597404519102e+30
-42975491908583304 78160152723910576 3.6502708056123725e+30
-7452164286799765 -22232288821611360 5.5380182217798748e+28
-22179080360154280 -9647592947636660 2.9976594166999198e+30
45459232048428440 -94115328364005040 2.4479238414479704e+30
44683818876906960 -5477929904408317 1.5133239458233214e+30
-24410522268133164 -14989425117869972 1.5314028628726043e+30
-74105825665936336 -1.0338398115602086e+17 4.1501574791189632e+29
26614442742246360 -16892635473511282 1.1724378531026303e+30
33269601711268788 16946925074063592 1.1792841392551594e+30
41252802066207848 -24914676545405192 1.6653745906201775e+30
-94780821084958592 37119612359783936 1.131346941825321e+30
24651878736241584 -20409563034966664 3.7191494329581224e+30
9588488579763898 33633197270155156 1.5513043955477153e+30
-1.1473986978656416e+17 67526131478292480 1.2536852551082695e+30
13334547295600870 -17985848955855742 7.6556337493782698e+29
81120116822198992 47398076443551464 2.8677981547150476e+29
12227375374329442 68457888058288040 3.5402997636209761e+30
-2515698084808906 -17877286129618732 1.4597727023110112e+30
10498991651183834 -35097513271737808 3.6600372682686682e+30
-7240232698789841 -70070373575319416 1.9314479508352148e+30
54742483699182160 -38566834882440008 2.9766791877442474e+30
-2565855343316636 36560059267285096 7.1802034188405051e+29
32415296129752260 12429576780159174 1.8579631144740817e+30
-1519873870119105.5 -81606517568337200 5.2155296945269828e+29
-16933173289756472 -58466534408784016 1.6552000853019684e+30
-75176986092725088 -18269704792088660 1.2917099994841335e+30
-22310864202491912 -8890028505126949 5.4732549685510434e+29
-79851531704779744 -31126260266739576 9.823130424651101e+29
59335044998662672 -47075095286333968 3.2769059208586338e+30
63177997212424344 -63207769804611160 1.0170462321437165e+29
-10039126754394582 7304914476003416 2.5143845999849796e+30
12314354331540252 -43555849496014976 3.8526114284306265e+30
10282433967333668 -7238535725495274 1.5458957077523749e+30
5680420855685550 9759414913558328 2.1083330320765946e+30
-30182798759249640 19081369417930500 3.6895146995237374e+30
377877490633421.5 30116751279105048 3.3138631519237992e+30
30196917341256388 24369747078517984 2.6216220684228235e+30
95380111216536848 -1.004641778088533e+17 1.0551404091559483e+30
-22057360161607604 24958518366000804 2.4507896541348457e+30
-37359452998346224 -50869320417330584 1.5130012134096164e+30
-13148754408861122 21420020463039540 2.2760986126623227e+30
18381524206414372 -4185051484357669.5 3.3785719134857712e+30
-44763077848916776 62544186042304696 1.0017221271651827e+30
21047589274290228 8526096758057845 1.8793226270901813e+29
24790938138587964 732119411855675.62 1.3420584941949895e+30
14770449546893496 17004306500653192 1.0566189919926273e+30
4719593418797212 42647680341756432 1.5360096037439657e+30
12837361694924012 -28596386868880932 1.2074208573634097e+30
19802482184275632 -8566176777637144 2.8121101929093345e+30
-71067433826141144 -13440365399123944 1.0170229617072053e+30
6823593626126014 67535026323622024 3.6745343704246599e+30
-26804484112724864 -40198855672271216 3.7168148874134377e+30
-33180297141883972 7874979308123585 2.8450371396799772e+29
-4623488105967122 19906081634890392 2.0860453026786356e+29
-18229146438891224 23807979267890908 3.9369624847555801e+30
-71673239354936864 -45907275784691960 1.1998821592232925e+30
-59559226751954744 25545554679233324 3.3142084120585771e+30
84495701320629200 -52705049377145680 2.9994098804035712e+30
-16566196594188686 -11270236954059532 6.0971164998584971e+29
-86224992680040736 41648584390966680 9.0692222140233332e+29
-41764914420023144 -7131253749299982 3.7489890740333977e+30
33171033036815064 15835239238634062 2.9395700599019836e+29
-12476658470409150 21031896787817864 2.2277218289822489e+30
-64982288049509440 10976028899792168 1.8290302485509153e+30
-68212471825041184 -12734438645063058 1.808489180245481e+30
-765513737513607.75 -18307420361758948 2.7344867369884449e+30
34206956065732688 16682893902758294 3.6049011109613369e+30
-51923336257974296 9832807792785812 9.565397267353325e+29
39526235684103872 -16802580665233648 1.1614365912193171e+30
92389172358287808 49661211756448928 1.0134536633853865e+30
6934367835828754 23792157796646516 2.6215765287267362e+30
-23175106100995372 -25693596987119896 3.3342538903312205e+29
-54547905172181000 -31848810214328124 1.3862950578905702e+30
11526794246875320 -63361153886984720 1.3188660539343338e+30
-37661956068075088 -9110015938973616 2.4086257888844199e+30
-1030120432828484.1 51051034800194200 2.4410789939388299e+30
15675919003462072 -4434398609032585.5 1.560307527134804e+30
-4376524552061522 -64624120528117080 1.9611812688754795e+30
26520880177113864 13431493681488820 3.2559911965826068e+30
1.0773143005238365e+17 -96361334496436416 2.1857525261845852e+30
15076027161526616 -25612485742939068 3.7777416587718095e+30
13621235746096168 -67160694689528976 3.4570667631611705e+30
-46506789339292592 -4345425407272366 1.8830643283659915e+29
-24357598155049620 -36533798254635432 8.4076710330151988e+29
21845048528368536 6070521784654565 1.1903326988219661e+30
-6137235484812804 17198285981990270 1.169781914878904e+30
82008818475086640 -50442914147056024 2.4551828335873178e+30
1036873504972409.6 -60277141661839168 1.8260045214307987e+30
-68776594538179392 -32214191016044684 1.7399607261216773e+30
92372761069462080 54135701090632280 3.581674898927399e+30
32304959633232452 74493149406157168 2.5787563692688795e+30
-31661476605753480 -835663400876341.5 6.6101179031569567e+29
-47911321503647488 -16419488516423242 2.5442253310326544e+30
21816961406080504 -46215878019129512 3.1312405407815759e+29
-16076424109723922 -73244061337769792 6.3655826835973229e+29
-11557739487624794 -23093132338266596 3.4715530835391786e+30
-8351727993932898 9125269962271562 1.2402456947920799e+30
-54147031230174672 -40084990656964752 2.8776787952433727e+30
-21389395293369932 -3851466337184317.5 3.3555007479715421e+30
45960215955814960 -5461135390438199 6.5749576769069385e+29
8064291602055040 4468313822170519.5 1.185867520091133e+30
-1468490873347616.2 33612473761548544 2.559300240866257e+30
-19990498672902528 -63675869852284312 2.113014281866866e+30
67332858548025776 51766363910999144 3.2803129050052455e+30
-68443406439880720 1287484543606201.5 3.5992414506821711e+30
-79209044163101552 12174782061228238 3.6039076711938936e+30
37293825605955592 -1872090636377779.8 3.9463706242171854e+30
-24447913589192520 -64652202354948792 2.3896791711073733e+30
38947180519415728 -71933091082770816 2.5639715643592668e+30
26673998544909736 13716114916300096 3.1380053856124242e+29
-18211134222019812 -25142612972837036 2.5530130724174943e+30
-42960895110068952 -80564573793231136 1.2407398396721778e+30
21021208911098044 4948144703292854 2.4885865063694511e+30
25410629126862852 -6185935312938276 1.943906735742445e+30
-36811398062049296 58791005930208624 2.5426235566852746e+30
16738752060123846 -376869128268536.31 1.3629001591853528e+30
61638296332743128 -49381927293814504 1.0086865159035115e+30
-18149786569411380 23777242661607844 1.7064302615777685e+30
35918421920050052 -26450714043561784 1.2644640418805238e+29
80189557744907568 1.0211185714922707e+17 2.0113980770745055e+30
24982202728486840 -1.0206586354205024e+17 2.8926255852085197e+30
14924284444957246 -35757310675630060 1.5972031456407685e+30
20206316881548948 5981831891784763 1.4696712129923091e+30
-87738913715424000 6204894038427899 1.5697326492514116e+30
11735616628978652 428066464355603 1.0377313525411376e+30
8663856478338725 -8786714834897718 8.5363555448931816e+29
-51729738847036176 68968447621908704 3.9946660259433736e+29
28953059366224628 -4992988508068598 7.0996259230408832e+28
17687084091171706 26519438096551696 2.8911443712047245e+30
-40041784692770088 44564607773419784 1.3974214909214828e+30
-2256325061987424 13974330910656832 2.0174121024887654e+30
-68770357187887528 -76681821563932192 2.2982375583378875e+30
-25109540396090876 -17967799984059706 1.7252646912715911e+30
-37657762886636624 -87624530685360896 2.9228273622415192e+30
95184315169441760 28005586928518936 2.2700241568608568e+30
-26564216617309060 -67589073263788104 2.5172932039549877e+30
12020086485893582 -34136090701692980 2.9437986727102668e+29
-70500228480727584 82520840465894720 1.66805094626398e+30
-46932493921094592 72882540872030128 3.372978716556427e+30
66289934839419272 -23318860640325576 2.9901124397132378e+30
13887492349370442 -40428848743891880 3.8424994570914908e+30
12703486981407352 -59221684201166112 1.891868935598294e+30
95751829042865984 1.2612661128179744e+17 2.4798356655972106e+30
-23049899729464728 -11461515415967118 2.0652500295987299e+30
-10229970390249926 -52792671886602296 2.1049859904206454e+30
13731038294712958 1888263939521263.2 3.0201794649058368e+30
56336206924926264 10861221011774480 2.7056745486547016e+30
-13763889549957358 -8644425988165491 2.8295017075385204e+30
6195613545471233 -40576831119936608 1.6279466134712207e+29
-48872515042578912 12108068976637206 1.1701375562379133e+30
24942066597290488 -11527386866804938 1.9461442653506128e+30
46614136032180864 -28793765830711196 1.9400013885421439e+30
-162030665181693.97 12241212269785400 1.6728576639900751e+30
15098781005259666 71731101138189448 3.5288264803822818e+30
-13247452792747202 10517930074614238 1.034546778980462e+30
-10011357100381096 34880937925495560 1.809086952268524e+30
-8303962248214199 18441706442936972 5.8769882256212537e+29
61829060584556784 -11203039610178352 8.6999666401351225e+29
3866164242709862.5 -38941192938685352 2.3796355963671215e+30
58289157502333616 -8935784925924774 2.8651599544420701e+29
-45346654616582200 -35722425857063228 1.6711219541803884e+30
1.2276415812897581e+17 79759526589382688 3.7594840915036822e+30
11787774993495640 -22289320266725616 2.8981574504581757e+30
9781781873569168 63473942756191472 1.5818324136219749e+30
67402088926488776 -786382351576283.5 2.2426569279535985e+30
-21813950452494660 -24967202096720300 1.1888492102453746e+30
-24919171156084364 5706078465929582 2.6995464895128211e+29
-22217245961636260 24989945560469616 1.1994797929296738e+30
-46252038325842656 24920822915174020 2.8214787779733826e+30
-16791467359789354 31715115489904780 2.1425626260705e+30
22720755679289328 7307756978373220 1.415223698292889e+30
-38352826546770336 9827068915970962 2.119891243922934e+30
10594732981709818 -46179382908091112 3.0813280563402239e+30
0 0 1.98892e+36
